-0.081538
0.029218
-0.084801
-0.001890
-0.026760
-0.059993
0.020115
-0.055618
0.110413
0.149683
-0.036464
-0.023728
0.065183
-0.004100
-0.124135
-0.011298
-0.013125
-0.006951
-0.017054
-0.084400
-0.066909
-0.051460
-0.001771
0.109595
0.072719
-0.066583
0.011773
-0.050476
-0.013049
0.081822
0.086751
0.069120
0.131535
-0.013879
0.009535
-0.030038
-0.032660
-0.065960
-0.000775
-0.055794
-0.072172
0.069532
0.026253
-0.045967
-0.008907
-0.022136
0.004996
-0.025360
-0.091960
0.011832
0.084541
-0.035225
-0.016365
-0.085453
0.020121
-0.027047
-0.088112
-0.035928
0.051986
0.042245
0.034141
0.083090
0.063028
-0.006018
-0.108965
-0.023322
-0.045957
0.024230
-0.026268
-0.011030
-0.083406
-0.046998
-0.027187
-0.003676
-0.055994
0.032651
0.043710
-0.024298
0.042615
0.070574
-0.029240
0.055689
-0.000395
0.020561
0.160482
0.024205
0.019532
-0.043853
-0.095118
0.077007
-0.066350
-0.097134
0.017691
-0.049263
-0.090073
0.220247
0.043119
-0.018212
0.095538
-0.100165
0.008942
-0.046253
0.007443
0.133012
-0.031395
0.031915
-0.055365
0.045265
-0.045660
-0.012380
0.039819
0.024238
-0.031652
0.026674
-0.052275
0.021462
0.083784
0.020479
0.012250
-0.026417
-0.081984
0.020322
-0.031815
0.005357
0.022565
0.004193
0.003062
-0.050350
0.027143
-0.051638
-0.020499
0.072969
-0.047449
-0.043368
0.036349
-0.028550
0.067052
0.016844
-0.106792
-0.101293
0.058629
-0.070112
0.051695
0.085170
-0.069773
0.017411
0.075444
0.055354
-0.014148
-0.125147
-0.034518
0.021286
0.046124
0.008158
-0.052325
0.072131
0.005176
0.048893
0.004405
0.123484
-0.067318
-0.156638
0.091491
-0.059807
0.017981
-0.035126
0.049208
-0.071889
0.012276
-0.045085
-0.048215
0.014477
-0.061792
0.099385
0.022172
0.042375
-0.005230
-0.059906
0.026115
0.058283
0.135968
0.043559
0.043375
-0.107786
-0.003349
-0.030546
-0.025846
-0.003426
-0.019349
-0.049486
0.052225
-0.026782
-0.005930
0.003270
0.103700
0.042441
-0.022597
-0.074784
0.032544
0.049485
-0.131854
0.107459
0.013074
-0.043599
-0.060207
-0.116764
-0.102393
-0.042667
-0.019645
0.021796
-0.079965
-0.111210
0.130783
0.023476
0.096044
0.022270
0.114767
-0.002143
0.003053
0.025522
0.013605
0.161360
0.055657
-0.124476
-0.035138
-0.047693
-0.066160
-0.086444
-0.012198
-0.092159
0.000067
0.063984
0.087607
0.026426
-0.032021
0.087781
0.066196
-0.036517
0.005838
-0.061003
-0.003374
-0.027442
-0.134702
-0.024528
-0.028688
0.045645
0.053494
-0.001549
0.003362
-0.055088
0.060125
-0.066392
-0.050853
-0.019460
0.002683
0.102241
0.047969
0.002819
0.048804
-0.003998
-0.056650
0.081114
-0.011097
0.062620
0.025493
-0.051123
-0.097358
-0.006092
0.076183
-0.049056
0.013344
0.046821
0.120358
-0.048680
-0.111365
0.058846
0.018951
-0.037941
0.006733
0.024605
-0.048745
0.034434
-0.042577
0.014165
0.042623
-0.001674
0.065473
-0.158283
-0.034965
0.101823
-0.096524
-0.057510
-0.002085
0.130676
0.001758
-0.089630
0.057675
0.065216
0.106415
0.066110
-0.124420
0.055067
0.128961
0.007475
0.095027
-0.089309
-0.058712
0.068545
-0.069799
-0.129799
0.094527
0.109338
-0.133411
0.092008
0.041811
-0.139361
0.098822
0.026644
0.030201
0.061870
-0.079064
-0.162489
0.030296
-0.035484
-0.012633
0.021257
0.008743
-0.070578
0.010586
0.098469
0.005376
0.027278
-0.021500
0.114483
-0.047151
0.034194
-0.021737
-0.050303
0.082415
0.026448
0.051140
0.104881
0.102471
-0.036000
-0.022032
0.046516
-0.013514
-0.047453
0.021620
-0.152799
-0.012451
-0.008272
-0.015751
-0.027954
-0.054840
0.062352
0.004010
-0.026546
0.024548
-0.035677
-0.015381
0.012241
-0.079649
-0.194761
-0.019780
0.037907
-0.038714
-0.027483
0.018338
-0.019181
0.034914
-0.093744
-0.061796
0.021798
-0.050918
-0.045135
-0.029367
0.006709
0.023807
0.000789
0.040538
0.028097
0.106368
-0.029575
0.031058
-0.046444
0.013209
0.010189
0.092833
0.023791
-0.117692
-0.052345
0.049009
-0.031682
-0.092096
-0.081729
0.040003
0.090010
-0.055565
-0.028503
-0.096387
-0.004829
0.112415
-0.006886
-0.005969
0.001738
0.045978
-0.040925
0.033528
0.178833
-0.059409
0.093197
-0.036104
-0.006587
-0.020774
-0.007301
0.049776
-0.025047
0.099418
0.067399
-0.029175
-0.016547
0.020142
0.088772
-0.050178
0.040475
-0.016409
0.007517
-0.037745
-0.053093
-0.005794
0.136139
0.054477
0.094705
-0.056217
-0.003771
-0.035572
0.035524
-0.017445
-0.005259
0.047319
-0.017486
0.016914
0.042050
0.021946
-0.063461
-0.069755
0.047547
0.017284
-0.051119
0.050226
0.091425
0.022307
-0.010183
0.044569
0.037256
0.039780
0.039664
0.006652
-0.063308
-0.098079
-0.017170
-0.017843
-0.126219
0.071418
0.046436
-0.047740
-0.059839
-0.050418
-0.021136
-0.035768
-0.051872
-0.026322
-0.011335
0.049827
-0.060931
0.046179
-0.085948
-0.050410
0.070732
-0.022536
-0.025112
0.015001
0.076963
-0.083619
-0.030084
-0.112137
-0.003650
0.005617
-0.069318
-0.023479
0.050639
0.072008
-0.001579
0.030944
0.064704
0.034862
0.056436
-0.012587
0.008314
0.021374
-0.148421
-0.053146
-0.045185
-0.050474
-0.037640
-0.049810
-0.055053
0.074589
-0.029519
0.073325
0.050292
