-0.016825
0.015591
-0.066841
-0.004641
0.050920
-0.050060
0.031363
-0.075812
0.058609
0.090555
-0.032534
-0.093064
0.067786
-0.012996
-0.071108
-0.020367
0.024499
-0.030471
0.013111
-0.040999
-0.063452
-0.058048
-0.062917
0.105368
0.075148
-0.014258
0.050088
-0.064660
0.012552
0.072220
0.013943
0.080626
0.050159
-0.003455
0.035004
-0.038916
0.022223
-0.031017
-0.002901
0.007552
-0.039377
0.113911
0.009763
-0.097340
0.047280
-0.018403
0.045569
-0.077725
-0.070166
0.023202
0.026128
-0.093124
-0.014523
-0.108441
0.072154
-0.008212
-0.021894
0.014593
0.016064
0.084482
0.019305
0.089989
0.115694
-0.000356
-0.099758
-0.031100
-0.057000
0.053418
-0.001895
0.037407
-0.080969
0.014589
-0.058900
-0.013277
-0.048172
-0.024478
0.013512
-0.023676
0.009302
0.064448
-0.076197
-0.035015
0.019697
-0.002675
0.201310
0.015064
-0.025529
-0.001786
-0.090091
0.075627
-0.026677
-0.089179
0.051751
-0.000390
-0.049432
0.182335
-0.002878
-0.008348
0.043151
-0.043677
0.064759
-0.044715
0.059030
0.081347
-0.025424
0.046021
-0.053047
-0.006944
-0.085245
0.041740
0.043609
0.034041
-0.021651
0.003466
-0.039159
0.023769
0.057625
-0.010499
-0.010446
-0.057690
-0.130648
0.020164
-0.048369
0.064705
0.019278
0.011721
-0.006487
-0.014174
0.035022
-0.087347
-0.066748
0.061835
-0.080891
-0.055846
-0.023079
-0.052406
0.044615
0.046043
-0.069080
-0.117909
0.049524
-0.112675
0.056690
0.009532
-0.078047
0.019899
0.102160
0.008636
0.029892
-0.127456
0.022235
0.030248
0.069690
0.052333
-0.045161
0.013364
-0.005600
0.008726
0.002032
0.140344
-0.101110
-0.102833
0.083918
-0.048056
-0.012831
0.024359
0.079530
0.001305
-0.011209
-0.134227
-0.044920
-0.009231
-0.078591
0.063323
0.021286
0.074286
-0.009352
-0.071153
-0.024536
0.078756
0.152967
0.047823
0.032275
-0.170447
-0.040845
-0.054149
-0.007765
-0.030920
-0.063680
-0.013913
0.062041
0.031624
0.004861
0.050028
0.079682
0.091705
0.053395
-0.033219
0.036145
0.092756
-0.123569
0.063944
0.042424
-0.028961
-0.083052
-0.040924
-0.094508
-0.063559
-0.028939
-0.051259
-0.043438
-0.070853
0.144042
0.042150
0.090208
-0.006004
0.054410
0.021469
0.018495
0.038189
0.006980
0.155729
0.011799
-0.089330
-0.036371
-0.067010
-0.102335
-0.000576
0.023659
-0.092077
-0.009649
0.088690
0.049901
-0.005202
-0.023220
0.094784
0.080547
-0.009112
0.048485
-0.065344
0.060459
-0.045431
-0.121671
0.047210
-0.069899
0.039906
0.013768
0.007715
0.009707
-0.069893
0.094742
-0.078386
-0.028392
0.044224
0.049367
0.140681
0.048575
-0.017866
0.034993
0.007484
-0.080596
0.059364
-0.003387
0.062274
0.015104
-0.066246
-0.101226
-0.007325
0.081399
-0.038533
0.016220
0.059151
0.070909
-0.064732
-0.066959
0.065684
0.034047
-0.075464
0.020367
0.016263
-0.021587
0.043870
-0.034839
-0.022699
0.034542
0.021312
-0.004113
-0.149417
-0.059511
0.094382
-0.113330
-0.103728
0.029734
0.125732
-0.045883
-0.059872
0.038566
0.049130
0.088778
0.049985
-0.121827
0.075066
0.087175
0.010756
0.070993
-0.085851
-0.060883
0.058259
-0.015871
-0.104822
0.081393
0.104073
-0.160770
0.075484
0.052336
-0.126822
0.079131
-0.005980
0.051524
0.033580
-0.087882
-0.154798
0.023394
-0.044096
0.011060
0.023920
0.001574
-0.069589
0.013883
0.095175
-0.018049
0.016570
0.002164
0.130044
-0.039008
0.008432
-0.011270
-0.044035
0.090554
0.047550
0.058897
0.063076
0.113927
-0.054998
-0.018807
0.042973
0.021909
-0.055372
0.012754
-0.118880
0.020912
-0.039796
-0.018263
-0.040410
-0.056026
0.078904
0.000781
-0.048373
0.021779
-0.056798
0.014572
-0.009384
-0.079947
-0.187903
0.023429
0.006463
-0.036191
-0.045678
0.015250
0.004099
0.023673
-0.105320
-0.048866
0.034953
-0.025582
-0.057493
-0.006216
0.010283
0.014777
-0.024957
0.034581
0.033188
0.115954
-0.027371
0.048441
-0.034436
0.069551
-0.002151
0.061932
-0.000157
-0.049402
0.000702
0.036889
-0.024385
-0.070253
-0.032046
0.033944
0.056238
-0.070969
-0.039005
-0.106507
-0.000115
0.126099
-0.011133
-0.015474
0.005936
0.074553
0.023845
0.036102
0.175361
-0.070301
0.089990
-0.038017
-0.009938
-0.008064
0.005736
0.052635
-0.025261
0.090112
0.039126
-0.010139
-0.035702
-0.002556
0.100299
-0.058680
0.033814
-0.050698
0.054141
-0.052550
-0.065923
0.014365
0.120248
0.034345
0.088351
-0.078250
0.008361
-0.038459
0.052293
-0.010503
0.006992
0.027959
0.016363
0.016280
0.017572
0.048655
-0.006959
-0.089472
0.064774
0.002356
-0.052996
0.066805
0.108171
0.046617
0.043671
0.028228
0.072561
0.056649
0.053377
0.014509
-0.084532
-0.121514
-0.045612
-0.015365
-0.152158
0.049457
0.059173
-0.049371
-0.053359
-0.060810
0.001430
-0.012667
-0.070242
0.003534
-0.003098
0.068617
-0.071238
0.056722
-0.075346
-0.060917
0.085268
-0.019027
-0.026386
-0.022467
0.054960
-0.089449
-0.055020
-0.137445
0.002247
0.030016
-0.077229
-0.021830
0.058445
0.073933
-0.042898
0.041311
0.025408
0.057857
0.072594
0.010814
-0.010408
0.033334
-0.131556
-0.052581
-0.063776
-0.049304
-0.047311
-0.068117
-0.052884
0.095271
-0.044256
0.090580
0.082156
