0.018813
-0.045957
0.040695
-0.045310
0.018632
-0.051654
-0.005473
-0.020460
0.006243
0.113888
-0.041011
-0.077581
0.094258
0.013683
-0.085608
-0.071399
0.010926
-0.056159
-0.061753
-0.018198
-0.096389
-0.016456
-0.080753
0.145228
0.067174
0.020105
0.050473
-0.100257
-0.017357
0.056743
-0.019649
-0.018909
0.025241
0.032221
0.010947
-0.015147
0.086435
-0.045101
-0.022775
0.016970
-0.060187
0.115993
-0.003061
-0.066578
0.102848
-0.049789
0.018711
-0.081925
-0.090410
0.022858
0.041574
-0.045634
-0.033229
-0.078925
0.132028
-0.021696
0.022043
0.053212
-0.040150
0.057879
-0.002166
0.083003
0.142531
0.001553
-0.071043
-0.029504
0.002480
0.024344
-0.005038
0.059119
-0.128097
0.018859
-0.044658
0.002454
-0.130008
-0.014962
0.080920
-0.022289
0.000909
0.057517
-0.081555
0.016957
0.077636
-0.068101
0.133419
0.014374
-0.027687
-0.052236
-0.024562
0.097068
-0.006651
-0.081384
0.015097
0.050936
0.018681
0.140987
0.010514
0.003058
0.044375
-0.013283
0.014662
-0.008323
0.048330
0.109489
0.023601
-0.000191
-0.061448
-0.006739
-0.110059
0.023101
0.026737
-0.029801
-0.073362
-0.037865
0.014774
0.041608
0.043986
-0.033284
0.009161
-0.068222
-0.117720
0.011017
-0.074351
0.078137
0.065623
-0.019204
-0.023167
-0.018770
0.002408
-0.049453
-0.081402
0.049482
-0.081503
-0.000948
0.011725
0.027134
-0.004689
0.083755
-0.077532
-0.087330
0.077508
-0.064840
0.076778
-0.046465
-0.017377
-0.018024
0.095958
0.029103
0.034593
-0.096683
0.020930
0.011370
0.054584
0.020571
-0.043819
0.000413
-0.023200
0.040997
-0.004992
0.112597
-0.081464
-0.120425
0.085839
-0.053940
-0.014397
0.032042
0.035844
0.060076
-0.024574
-0.066550
-0.031128
0.016341
-0.062296
0.072805
0.030964
0.093170
-0.052440
-0.069333
-0.032861
0.099386
0.114469
0.028885
0.034334
-0.173645
0.003116
-0.049143
-0.025788
-0.008829
-0.034693
-0.043465
0.029594
0.021972
0.002270
0.088864
0.035586
0.096653
0.061902
-0.054466
0.057864
0.088747
-0.120834
0.076726
0.034034
0.034246
-0.051588
-0.020942
-0.078653
-0.049421
-0.034927
-0.074633
-0.037976
-0.120636
0.112391
0.063939
0.114119
0.052676
0.075589
-0.007778
0.029103
0.074356
-0.026169
0.130476
-0.027072
-0.073273
-0.067488
-0.060014
-0.133335
0.028538
0.013691
-0.080508
0.039265
0.098814
0.013666
0.010769
0.002172
0.084918
0.055538
-0.019122
0.031734
-0.058165
0.079253
-0.001916
-0.093723
0.062427
-0.023758
0.037737
0.049099
0.060622
-0.025726
-0.078193
0.122399
-0.061326
-0.017168
0.064450
0.028325
0.148070
0.060741
-0.030897
0.020016
-0.033897
-0.079392
0.023109
-0.007674
0.010234
-0.059526
-0.057875
-0.097108
-0.043539
0.039237
-0.036686
0.000424
-0.003701
0.064639
-0.059540
-0.093555
0.048409
0.075704
-0.074536
0.042835
-0.031933
-0.010727
0.032470
-0.014749
-0.030040
-0.002728
0.079684
-0.059597
-0.139742
-0.056583
0.080362
-0.047434
-0.121703
0.005557
0.167115
-0.009657
-0.026782
-0.008147
0.054946
0.047490
0.012237
-0.041748
0.073392
0.080080
0.026147
0.068293
-0.092928
-0.045456
0.071476
-0.048258
-0.113256
0.087833
0.103794
-0.145178
0.027386
0.077982
-0.055486
0.065470
-0.005981
0.101954
0.085852
-0.113598
-0.165909
0.017539
-0.065383
0.000810
0.003270
0.026820
-0.027819
0.060041
0.102468
-0.043912
0.052369
0.004716
0.088823
-0.043417
-0.000283
0.026715
0.020740
0.060292
0.019035
0.052041
0.061841
0.079311
-0.101340
-0.033487
0.117932
-0.065674
-0.046991
-0.022527
-0.120194
0.034774
-0.025633
-0.040643
-0.009711
-0.071073
0.076036
-0.018994
-0.063127
-0.005772
-0.044095
-0.047894
-0.021870
-0.111052
-0.155051
-0.012955
-0.024236
-0.022923
-0.103888
0.033009
-0.016521
0.031697
-0.061270
-0.055663
-0.029299
-0.016562
-0.076473
0.035758
0.014177
0.071240
-0.074262
0.003542
0.055786
0.042593
-0.036111
0.044988
-0.059751
0.037112
0.025232
0.039784
-0.014068
-0.044476
0.027036
0.051670
-0.001654
-0.081363
-0.004562
0.008988
0.028299
-0.084503
-0.067984
-0.075838
0.034801
0.079767
-0.037562
-0.015862
0.009991
0.008337
0.007267
0.037980
0.171135
-0.069940
0.067969
-0.016041
-0.032205
-0.028165
-0.018719
0.014121
-0.045376
0.064462
0.039006
-0.006626
-0.078639
-0.029047
0.100136
-0.064016
0.053079
-0.095013
0.121387
-0.077604
-0.025051
0.051735
0.078997
0.020360
0.094966
-0.071732
0.012661
-0.026673
0.045225
-0.024754
0.038826
0.007849
-0.051364
0.051678
-0.036372
0.011351
-0.002340
-0.076967
0.059878
0.011892
-0.053644
0.059510
0.122796
0.058424
0.034135
0.013641
-0.017272
0.046281
0.088001
0.005269
-0.100020
-0.141467
-0.025458
-0.041413
-0.161408
0.059078
0.094624
-0.044838
-0.022711
-0.061412
-0.012402
-0.006741
-0.068317
0.015336
-0.068105
0.021009
-0.098461
0.052175
-0.044174
-0.075531
0.046237
-0.011881
-0.039731
0.004537
0.121331
-0.095590
-0.043773
-0.089380
0.062915
0.010941
-0.110533
-0.037855
0.086097
0.048825
-0.041329
0.013308
0.026946
0.046180
0.083343
-0.027504
-0.002679
0.053604
-0.070933
-0.007779
-0.044709
-0.086477
-0.026202
-0.065773
-0.034631
0.037463
-0.132076
0.078612
0.052456
