-0.048142
0.034674
-0.120814
0.022532
-0.002602
-0.036579
0.019683
-0.080350
0.113300
0.116650
-0.014566
-0.024222
0.074812
-0.002034
-0.104120
-0.012035
-0.011360
0.001838
0.030468
-0.111731
-0.093005
-0.048687
-0.042494
0.128777
0.075875
-0.045886
0.035384
-0.046464
0.037458
0.100719
0.049663
0.098893
0.091612
-0.043830
0.038936
-0.044247
-0.038949
-0.055089
-0.005420
-0.057034
-0.072267
0.066492
0.000878
-0.066446
-0.028320
-0.047121
0.014224
-0.050717
-0.061549
0.030830
0.046893
-0.068425
-0.014993
-0.071359
-0.010932
-0.035801
-0.081463
-0.031912
0.069048
0.072234
0.054513
0.082533
0.045828
-0.004257
-0.161696
-0.019129
-0.078580
0.017012
-0.017979
0.018946
-0.091383
-0.021939
-0.030226
0.010511
-0.021542
0.037904
0.018273
-0.031496
0.024675
0.074553
-0.029540
0.044986
-0.019022
0.065884
0.147128
-0.004636
-0.002011
-0.013887
-0.059210
0.060912
-0.041546
-0.092712
0.014479
-0.069929
-0.089784
0.213322
0.039876
-0.000590
0.062483
-0.106425
0.070847
-0.084326
0.006924
0.090793
-0.042045
0.044139
-0.078842
0.032351
-0.047837
0.014310
0.024050
0.025312
-0.016267
0.039476
-0.092244
0.013259
0.056559
0.016519
-0.032307
-0.000568
-0.109323
0.039582
-0.040962
-0.024093
-0.025018
-0.000607
0.011184
-0.038367
-0.010392
-0.056882
0.003305
0.063114
-0.037158
-0.052264
0.030134
-0.074893
0.029587
0.029341
-0.094566
-0.136560
0.062584
-0.040693
0.044038
0.111575
-0.072232
0.025144
0.058590
0.032302
-0.020517
-0.116806
-0.027098
0.048194
0.035457
0.036782
-0.050229
0.063201
-0.001809
0.033560
-0.000416
0.133639
-0.080876
-0.130282
0.073226
-0.049095
-0.008171
-0.027203
0.087298
-0.041689
0.019582
-0.111537
-0.036088
-0.013076
-0.070352
0.092894
0.018680
0.028912
0.029968
-0.107787
-0.004370
0.049886
0.163370
0.039040
0.022854
-0.099329
0.004052
-0.046446
-0.023860
-0.003725
-0.007598
-0.030532
0.021668
0.004335
0.010340
-0.009144
0.091035
0.037722
-0.010601
-0.010124
0.021268
0.048173
-0.096802
0.047370
-0.007428
-0.079729
-0.098964
-0.101469
-0.115233
-0.034814
-0.017926
0.070126
-0.079573
-0.096670
0.112403
0.043633
0.103275
-0.053135
0.073294
0.044930
-0.026397
0.003476
0.008708
0.159093
0.037345
-0.133330
-0.036602
-0.053119
-0.052978
-0.076623
0.020208
-0.054754
0.003896
0.042610
0.096455
0.013392
-0.047877
0.055591
0.085941
-0.027686
0.031704
-0.068687
-0.019480
-0.069178
-0.127664
-0.004451
-0.016844
0.028688
0.013484
-0.003077
-0.028430
-0.067412
0.083555
-0.049799
-0.046501
-0.032903
0.036430
0.105691
0.067921
0.000127
0.047191
-0.025065
-0.068457
0.068584
-0.079076
0.060757
0.030241
-0.035125
-0.036735
0.030625
0.084283
-0.016057
0.022731
0.035353
0.083312
-0.045474
-0.101945
0.060026
0.038186
-0.015632
0.039306
0.015429
-0.016744
0.020442
-0.021177
0.041870
0.079946
0.007916
0.075710
-0.135302
-0.026519
0.103752
-0.039931
-0.019133
0.012108
0.056157
-0.003805
0.016161
0.070909
0.049373
0.119857
0.058903
-0.127087
0.049077
0.096868
-0.012128
0.100687
-0.140046
-0.065024
0.075786
-0.031618
-0.090037
0.112559
0.078079
-0.117538
0.050731
0.082550
-0.069231
0.067631
0.048096
0.037154
0.016209
-0.076012
-0.184810
0.017229
-0.041019
0.016132
0.039862
0.042778
-0.033880
0.005075
0.104950
0.035027
0.022918
-0.008591
0.120692
-0.001548
0.031307
-0.056956
-0.013176
0.112487
0.001052
0.029649
0.104282
0.124098
-0.075145
-0.075472
0.046270
0.016901
-0.066184
0.012959
-0.133316
0.056476
-0.009367
-0.048871
-0.073981
-0.010741
0.050868
0.024805
-0.057554
0.055835
-0.035998
-0.014441
-0.017700
-0.040139
-0.163349
-0.017778
0.050189
-0.047843
-0.021528
0.070430
0.025851
0.039451
-0.075418
-0.086035
0.007066
-0.041254
-0.021037
-0.023686
0.023459
0.041243
-0.034287
0.041867
0.051426
0.101550
-0.012532
0.026922
-0.056343
0.032443
0.047145
0.084685
0.016954
-0.060282
-0.052476
0.076667
-0.048245
-0.047962
-0.021294
-0.018048
0.091861
-0.074861
-0.080056
-0.102731
-0.031179
0.098320
-0.028497
0.006935
0.034910
0.096985
-0.021088
0.031210
0.149278
-0.065972
0.060557
0.004649
0.023095
-0.010226
0.010401
0.077612
-0.034434
0.131920
0.101347
-0.037891
-0.027971
0.053081
0.094023
-0.040582
0.098089
-0.029173
0.010327
-0.021815
-0.033814
0.044210
0.155482
0.064112
0.012347
-0.053312
0.021252
-0.002150
0.028928
-0.006245
0.045477
0.034868
0.039017
-0.018805
0.006040
0.065440
-0.056234
-0.073502
0.048175
-0.040672
-0.065248
0.048315
0.109656
0.030088
0.042422
0.050394
0.042646
0.046529
0.048321
0.011373
-0.079058
-0.119189
-0.010277
-0.009120
-0.116097
0.079810
0.058160
-0.071059
-0.028669
-0.070948
0.018619
-0.066427
-0.058290
-0.060169
0.020182
0.035880
-0.063950
0.035831
-0.082945
-0.049345
0.049918
-0.061278
0.016094
0.037406
0.127875
-0.062443
0.016507
-0.135300
0.024876
-0.006597
-0.064738
0.007355
0.051023
0.039265
0.012269
0.026681
0.039114
0.030530
0.064211
-0.044302
0.017971
0.049843
-0.151528
-0.075282
-0.047274
-0.065436
-0.043321
-0.044968
-0.018811
0.069787
0.006334
0.071421
0.071246
