-0.079729
0.051863
-0.098873
0.009054
-0.020757
-0.061254
0.026507
-0.054510
0.116193
0.141521
-0.009607
-0.030557
0.068163
-0.013526
-0.122647
0.011061
-0.005340
-0.003855
0.004413
-0.115688
-0.089063
-0.041733
-0.023490
0.129868
0.054616
-0.060086
0.025146
-0.046207
0.013593
0.105625
0.071688
0.080304
0.126863
-0.010288
0.021222
-0.015223
-0.064374
-0.058576
-0.005910
-0.066575
-0.081419
0.064103
0.037645
-0.056598
-0.011694
-0.034570
0.011195
-0.028896
-0.082305
0.006253
0.059326
-0.046606
-0.026025
-0.069939
0.016951
-0.036523
-0.074794
-0.018266
0.055416
0.053129
0.043734
0.084999
0.065260
-0.004125
-0.131481
-0.024103
-0.074635
0.046190
-0.016020
-0.001090
-0.082140
-0.038095
-0.025069
-0.003069
-0.052133
0.038445
0.042427
-0.034548
0.041178
0.071978
-0.014665
0.050964
-0.007394
0.048862
0.158156
0.020525
0.000619
-0.039744
-0.086814
0.069354
-0.043128
-0.103328
0.004769
-0.068209
-0.091309
0.230231
0.043716
-0.007792
0.078357
-0.100231
0.046483
-0.066191
-0.000935
0.114143
-0.024908
0.044475
-0.062416
0.030465
-0.053803
0.014358
0.033041
0.033239
-0.029972
0.023929
-0.072083
0.023184
0.062568
0.015774
-0.014368
-0.016458
-0.097601
0.034525
-0.040371
-0.005982
0.008965
0.003815
-0.004537
-0.056673
0.030917
-0.064054
0.003421
0.067433
-0.043462
-0.039505
0.026951
-0.051117
0.060175
0.012531
-0.104862
-0.120445
0.045191
-0.052004
0.039655
0.101100
-0.069219
0.018258
0.056831
0.047999
-0.018171
-0.115325
-0.034493
0.034870
0.031427
0.020144
-0.054793
0.083623
0.012131
0.032536
0.020859
0.110858
-0.089775
-0.130644
0.080497
-0.063692
0.016869
-0.043618
0.072628
-0.060158
0.008359
-0.060655
-0.056387
0.002125
-0.068499
0.104281
0.019513
0.035390
0.009868
-0.074162
0.018744
0.060249
0.156017
0.053208
0.037716
-0.111983
-0.004602
-0.047263
-0.017566
-0.006725
-0.015251
-0.049876
0.028116
-0.024713
-0.005740
-0.006279
0.086149
0.008125
-0.015323
-0.046546
0.037702
0.030198
-0.121352
0.080565
0.009082
-0.071291
-0.058374
-0.104626
-0.103275
-0.049599
-0.030500
0.037359
-0.087498
-0.109359
0.125783
0.024275
0.094366
-0.004312
0.105216
0.013679
-0.000181
0.024421
0.024300
0.156014
0.045897
-0.123020
-0.024400
-0.047163
-0.043814
-0.088003
-0.000665
-0.074578
-0.001075
0.051897
0.084159
0.021782
-0.046805
0.076761
0.073696
-0.026272
0.018225
-0.067012
-0.026564
-0.045268
-0.121761
-0.005293
-0.031419
0.064890
0.017265
-0.003969
-0.005558
-0.063237
0.071125
-0.053036
-0.046511
-0.038173
0.006358
0.091769
0.045302
-0.001110
0.068770
-0.000943
-0.056983
0.077680
-0.033882
0.069576
0.040859
-0.038184
-0.065009
-0.003132
0.049948
-0.040251
0.034441
0.039325
0.110233
-0.044821
-0.117472
0.063288
0.012995
-0.049132
0.019538
0.029173
-0.052345
0.027228
-0.021145
0.021787
0.034588
-0.001759
0.086241
-0.151230
-0.037991
0.108963
-0.079512
-0.047862
-0.017643
0.113259
-0.004747
-0.067977
0.058499
0.048564
0.100870
0.060188
-0.107870
0.049239
0.118188
0.015572
0.115976
-0.086517
-0.059558
0.073811
-0.049703
-0.115694
0.083194
0.102776
-0.137091
0.083512
0.047944
-0.136383
0.116529
0.053944
0.033179
0.062387
-0.084846
-0.141955
0.035321
-0.019277
0.002162
0.024832
0.006272
-0.045553
0.016250
0.102968
0.003674
0.049730
-0.022637
0.105316
-0.033793
0.041896
-0.020555
-0.041850
0.094620
-0.002711
0.031489
0.116423
0.105798
-0.064351
-0.017533
0.053254
0.000932
-0.049267
0.012308
-0.157521
-0.002790
0.017283
-0.055147
-0.017448
-0.040804
0.053097
0.005599
-0.030927
0.027765
-0.036454
-0.032729
-0.002990
-0.044803
-0.178908
-0.014380
0.055342
-0.013785
-0.036003
0.018469
0.007025
0.030199
-0.092152
-0.063780
0.027445
-0.064771
-0.059757
-0.025010
0.010745
0.018122
-0.013630
0.045784
0.019555
0.100226
-0.031303
0.027016
-0.031307
0.023058
0.014502
0.088621
0.021871
-0.117322
-0.058419
0.025613
-0.041162
-0.089756
-0.071129
0.040572
0.101038
-0.058020
-0.035181
-0.101511
-0.005889
0.100927
-0.024108
0.002014
0.007427
0.070540
-0.034082
0.023716
0.159955
-0.057834
0.087740
-0.000783
-0.014187
-0.075266
-0.012675
0.047772
-0.045492
0.109902
0.077674
-0.031539
-0.048347
0.031915
0.096114
-0.077495
0.073595
-0.015585
-0.002535
-0.020735
-0.058292
-0.013074
0.152736
0.083743
0.068818
-0.050474
0.007560
-0.023715
0.032105
-0.018804
0.024719
0.068637
0.011863
-0.011762
0.026284
0.026588
-0.062421
-0.074307
0.051898
0.007994
-0.054406
0.048060
0.087823
0.027394
0.020548
0.011946
0.038124
0.039169
0.029082
0.011273
-0.087703
-0.101514
-0.019623
-0.049158
-0.110103
0.072107
0.069511
-0.056817
-0.082307
-0.053855
-0.002128
-0.044684
-0.044949
-0.070656
0.004152
0.058341
-0.045002
0.041850
-0.079084
-0.057596
0.073482
-0.024914
-0.044919
0.022939
0.102092
-0.085973
-0.015346
-0.118252
0.018091
-0.014759
-0.063845
0.001779
0.050358
0.079889
-0.006221
0.033445
0.063008
0.037362
0.036372
-0.016282
0.022570
0.031916
-0.148775
-0.059617
-0.052005
-0.052751
-0.043529
-0.044111
-0.035089
0.073794
-0.006988
0.072083
0.046823
