-0.014923
-0.017086
-0.000912
-0.031934
0.024309
-0.061486
0.002356
-0.056537
0.041943
0.129929
-0.055753
-0.058390
0.076300
0.005113
-0.085378
-0.051885
0.017058
-0.040253
-0.034191
-0.035005
-0.070293
-0.036479
-0.057786
0.121372
0.068241
-0.013313
0.039809
-0.077426
-0.008118
0.077041
0.020562
0.027891
0.046050
0.003825
0.018306
-0.047026
0.061883
-0.045827
0.012583
0.007326
-0.028573
0.096913
0.012538
-0.073134
0.065105
-0.039996
0.027978
-0.053634
-0.078995
0.014515
0.069963
-0.059165
-0.021556
-0.095872
0.099736
-0.021601
-0.006670
0.010817
-0.010336
0.067297
-0.003307
0.089068
0.114029
-0.015368
-0.075932
-0.028048
-0.033824
0.033646
-0.017917
0.033451
-0.113738
0.011667
-0.046592
0.001384
-0.088053
0.004506
0.050256
-0.037135
-0.011894
0.067211
-0.083005
0.015971
0.034462
-0.029984
0.162783
0.027932
0.000169
-0.031921
-0.079710
0.084337
-0.024942
-0.096766
0.038230
0.017561
-0.021580
0.188390
0.003260
-0.006754
0.061680
-0.033047
0.039151
-0.037422
0.044993
0.130768
-0.004043
0.019261
-0.053054
0.015266
-0.110557
0.020855
0.046759
-0.008742
-0.035513
-0.003145
-0.004160
0.032598
0.080152
-0.017179
0.003940
-0.054951
-0.118192
0.005653
-0.052287
0.079039
0.036288
0.008387
-0.003561
-0.008627
0.007980
-0.056879
-0.074019
0.054392
-0.077388
-0.023928
0.009418
0.013280
0.021389
0.059249
-0.077620
-0.098107
0.081263
-0.099735
0.091202
0.006152
-0.054906
-0.003367
0.116546
0.029955
0.017248
-0.126533
0.011928
0.016867
0.048462
0.027554
-0.059762
0.024751
-0.019054
0.036180
-0.014243
0.140029
-0.082626
-0.136961
0.100932
-0.052715
-0.024681
0.021460
0.047702
0.023793
-0.013067
-0.072872
-0.048457
0.008415
-0.052318
0.067796
0.029311
0.091509
-0.045457
-0.061038
0.000348
0.077882
0.118857
0.045367
0.024893
-0.166482
-0.031392
-0.033953
-0.036015
-0.008082
-0.052407
-0.039759
0.045577
0.027815
0.000367
0.069925
0.073169
0.108541
0.049994
-0.068580
0.060516
0.108221
-0.131332
0.096667
0.044469
0.021101
-0.065561
-0.045686
-0.088656
-0.069387
-0.021744
-0.059723
-0.058490
-0.109071
0.138922
0.067127
0.102924
0.046185
0.071749
0.003672
0.009397
0.080385
-0.021746
0.153471
0.001234
-0.089852
-0.059362
-0.057192
-0.105338
-0.002765
-0.009711
-0.100062
0.014959
0.074540
0.044583
0.008409
0.007070
0.090878
0.071499
-0.015145
0.048481
-0.070610
0.075301
-0.026746
-0.111995
0.034809
-0.041967
0.015073
0.037251
0.029631
-0.010262
-0.084950
0.106016
-0.074140
-0.030062
0.048905
0.027679
0.142865
0.059110
-0.003579
0.037904
-0.032957
-0.077772
0.047522
-0.001183
0.011138
-0.048218
-0.048476
-0.062235
-0.032992
0.043424
-0.043655
0.036639
-0.018244
0.027911
-0.056345
-0.098395
0.081307
0.072710
-0.068419
0.019042
-0.039177
-0.037328
0.024774
-0.013477
-0.037338
0.007739
0.059710
-0.009412
-0.133842
-0.050761
0.080309
-0.059624
-0.112415
0.023109
0.156714
-0.021736
-0.069770
0.015469
0.072897
0.066088
0.003570
-0.041477
0.068791
0.068441
0.021443
0.093900
-0.085760
-0.052735
0.082947
-0.062558
-0.107835
0.100983
0.083587
-0.145548
0.036625
0.060396
-0.055180
0.091160
0.028614
0.072382
0.102874
-0.111926
-0.124652
0.021245
-0.056165
-0.005152
0.009709
0.017403
0.008153
0.049333
0.107089
-0.028934
0.069422
-0.015134
0.087455
-0.029998
0.008690
0.011509
0.019629
0.061814
0.056953
0.080379
0.075536
0.106561
-0.099908
-0.021652
0.107021
-0.062363
-0.035448
-0.001402
-0.154559
0.047200
-0.022688
-0.056886
-0.018975
-0.041528
0.069579
0.002139
-0.073629
0.004909
-0.043106
-0.059649
-0.016019
-0.101990
-0.157541
-0.010490
0.014841
-0.014033
-0.099953
0.018329
0.006235
0.031989
-0.063052
-0.066191
-0.046251
-0.021224
-0.091692
0.048314
0.008518
0.066665
-0.062302
0.005678
0.016871
0.044457
-0.016330
0.042948
-0.067244
0.014438
0.019006
0.053662
-0.006869
-0.074474
0.011698
0.031961
0.010625
-0.045098
0.033197
0.005709
0.031036
-0.078196
-0.048676
-0.086091
0.027512
0.084711
-0.054644
-0.008441
0.003403
0.001729
0.021870
0.037334
0.141959
-0.069606
0.067853
-0.025934
-0.015262
-0.023492
-0.027138
0.029978
-0.033656
0.067909
0.045094
-0.003946
-0.085654
0.001915
0.103156
-0.077118
0.068676
-0.081340
0.100286
-0.060856
-0.027101
0.017408
0.118366
0.002442
0.082772
-0.066052
0.007179
-0.034420
0.043954
-0.056929
0.027608
0.006571
-0.035726
0.046044
-0.045821
0.012125
-0.000958
-0.074699
0.060639
0.024882
-0.057706
0.054690
0.119189
0.027472
0.013614
0.006305
-0.015900
0.048987
0.097641
0.004274
-0.096173
-0.134203
-0.038612
-0.048022
-0.150923
0.060450
0.126046
-0.048267
-0.009052
-0.062624
0.004095
-0.018940
-0.054537
0.019430
-0.057888
0.011952
-0.143526
0.049820
-0.060905
-0.081943
0.073387
-0.014003
-0.016206
0.022025
0.140977
-0.071428
-0.033709
-0.086210
0.096436
0.003993
-0.068243
-0.027573
0.089044
0.066843
-0.037104
0.015121
0.024311
0.055940
0.087958
-0.065701
0.018804
0.075058
-0.083920
0.000930
-0.036062
-0.057586
-0.031198
-0.059748
-0.054295
0.036082
-0.124552
0.079735
0.042843
