-0.071035
0.008795
-0.065690
-0.013257
-0.017769
-0.067487
0.015034
-0.054240
0.088968
0.151009
-0.055494
-0.004940
0.063463
0.001258
-0.092332
-0.026838
-0.008762
-0.025743
-0.013557
-0.048604
-0.057217
-0.060487
0.014538
0.097095
0.071983
-0.044059
0.018301
-0.062246
-0.005944
0.077041
0.081043
0.067192
0.113733
-0.006779
0.012762
-0.051400
0.014640
-0.048730
0.018520
-0.006946
-0.046518
0.063482
0.020227
-0.043123
0.012380
-0.025621
-0.006740
-0.048369
-0.082769
0.027610
0.104990
-0.054202
-0.003410
-0.134114
0.054992
-0.013163
-0.097472
-0.049412
0.021964
0.044867
0.017551
0.050273
0.079448
-0.008241
-0.102050
-0.023643
-0.033036
-0.003793
-0.012789
-0.002827
-0.103950
-0.017067
-0.029673
-0.006989
-0.048670
0.038109
0.046559
-0.038566
0.034825
0.080675
-0.034561
0.031731
0.002240
0.001724
0.149792
0.016600
0.027848
-0.035087
-0.088018
0.099753
-0.029798
-0.089747
0.046919
-0.019524
-0.062867
0.207738
0.012565
-0.037805
0.106555
-0.053024
0.012449
-0.058518
0.008201
0.126820
-0.043813
0.002634
-0.037480
0.059310
-0.039269
-0.012290
0.030451
0.002834
-0.051102
0.058113
-0.039488
0.011548
0.106963
0.026846
0.022017
-0.041688
-0.088675
0.036945
-0.042526
0.021677
0.043911
0.003505
0.021677
-0.010327
0.001978
-0.059007
-0.032282
0.081344
-0.059939
-0.043729
0.009470
0.019329
0.063908
0.039239
-0.109604
-0.098170
0.062259
-0.108812
0.079570
0.065153
-0.069322
0.011569
0.094582
0.069071
-0.001297
-0.127008
-0.010329
-0.000102
0.068662
0.027138
-0.044898
0.050381
0.017457
0.039078
-0.042740
0.121497
-0.050025
-0.165418
0.116881
-0.050445
0.008202
-0.024614
0.030919
-0.043671
-0.005661
-0.041786
-0.059023
-0.000277
-0.059162
0.084958
0.020062
0.053490
-0.026524
-0.063229
0.022172
0.070250
0.124633
0.046094
0.054570
-0.129357
-0.024230
-0.034160
-0.042631
0.020181
-0.019542
-0.017160
0.043526
0.014213
-0.005880
0.021966
0.087958
0.074783
-0.024717
-0.080889
0.042978
0.095274
-0.116985
0.121139
0.004702
-0.002045
-0.075980
-0.102833
-0.080968
-0.048975
0.005460
-0.011522
-0.080974
-0.089831
0.142690
0.040572
0.094708
0.024256
0.111332
-0.009499
0.004116
0.041612
-0.016605
0.158137
0.047677
-0.114989
-0.054951
-0.056079
-0.075700
-0.081251
-0.027124
-0.087115
0.004684
0.056763
0.073386
0.037421
0.021977
0.063607
0.066413
-0.043070
0.007166
-0.071481
0.050337
-0.047753
-0.136929
-0.029559
-0.043778
0.019261
0.071232
0.004142
0.008311
-0.074637
0.072359
-0.076320
-0.052118
0.021575
0.014716
0.132582
0.071382
-0.012661
0.026246
-0.042770
-0.061917
0.051576
-0.016961
0.024041
-0.035521
-0.051360
-0.066601
-0.026218
0.076410
-0.051779
0.021736
-0.004720
0.064610
-0.053068
-0.115435
0.056416
0.052556
-0.063681
0.003239
-0.010191
-0.033108
0.026670
-0.028068
-0.005057
0.021530
0.073277
0.001999
-0.160736
-0.042667
0.091792
-0.056545
-0.078119
-0.025735
0.155899
-0.005757
-0.063306
0.043282
0.074998
0.099532
0.027175
-0.091357
0.061942
0.107281
0.014893
0.099110
-0.105061
-0.064355
0.092561
-0.057010
-0.122207
0.129937
0.068145
-0.132811
0.043335
0.080443
-0.082907
0.101652
0.036171
0.046881
0.082582
-0.070809
-0.156711
-0.001262
-0.047763
0.013368
0.013583
0.029372
-0.028949
0.054112
0.099739
-0.013768
0.066956
-0.015960
0.116543
-0.046985
0.017519
-0.009587
0.011324
0.071287
0.018396
0.056800
0.128604
0.095408
-0.100462
-0.042654
0.085072
-0.054325
-0.061074
-0.006095
-0.153055
0.029179
0.013313
-0.046798
-0.037384
-0.042205
0.069114
-0.004691
-0.062215
0.018053
-0.036090
-0.026810
-0.006914
-0.079636
-0.124990
-0.003658
-0.000232
-0.031810
-0.088996
0.049417
0.016730
0.022421
-0.073273
-0.080258
-0.018587
-0.041543
-0.088912
0.034562
0.009482
0.071520
-0.050710
0.010588
0.021759
0.047204
-0.020427
0.031903
-0.076974
0.006605
0.035271
0.061556
0.018327
-0.099263
-0.019062
0.055063
-0.008595
-0.046073
-0.017342
0.011551
0.057597
-0.079763
-0.084502
-0.072998
0.002105
0.102928
-0.019900
-0.007506
-0.001805
0.025383
-0.014095
0.034040
0.133012
-0.068551
0.065643
-0.018121
0.001127
-0.023960
0.009327
0.028396
-0.026688
0.106143
0.065701
-0.019213
-0.052053
-0.002755
0.091402
-0.087262
0.075902
-0.041774
0.060909
-0.055688
-0.023888
0.044745
0.103217
0.036239
0.065758
-0.059961
0.012682
-0.038300
0.036986
-0.049781
0.014868
0.033016
-0.036337
0.031742
0.012171
0.028183
-0.035434
-0.076055
0.051823
0.034569
-0.050433
0.052168
0.096841
0.023544
0.015530
0.045163
-0.009668
0.042083
0.080273
-0.013250
-0.057803
-0.143982
-0.051728
-0.054997
-0.143848
0.080324
0.095424
-0.045985
-0.035801
-0.066480
0.012670
-0.057730
-0.051962
-0.034816
-0.055746
0.008944
-0.113948
0.041537
-0.063877
-0.050664
0.057672
-0.029845
-0.014064
0.024252
0.135815
-0.079083
0.013915
-0.110311
0.062327
-0.024760
-0.081326
-0.015740
0.076189
0.077738
-0.024613
0.011139
0.044546
0.060168
0.088182
-0.060493
0.016428
0.051407
-0.100052
-0.035066
-0.042450
-0.042661
-0.036897
-0.054204
-0.074544
0.041804
-0.110488
0.075631
0.018653
