-0.041356
0.003596
-0.006714
-0.035408
-0.030419
-0.061175
-0.022635
-0.018512
0.062170
0.156949
-0.052476
-0.053098
0.079890
0.008002
-0.110958
-0.063515
-0.009773
-0.041739
-0.070300
-0.049474
-0.071083
-0.045099
-0.021107
0.126605
0.062131
-0.030568
0.024231
-0.070664
-0.028150
0.046885
0.038799
-0.010399
0.095433
0.000227
0.000908
-0.039909
0.041224
-0.054801
0.016677
-0.032783
-0.062766
0.080627
0.031818
-0.048796
0.057300
-0.037212
-0.017064
-0.023758
-0.124519
0.012615
0.104454
-0.013700
-0.032245
-0.081830
0.058419
-0.043880
-0.023279
-0.006552
-0.000382
0.019438
-0.007533
0.077373
0.091469
-0.043274
-0.077458
-0.010897
-0.017632
0.004668
-0.017962
0.008479
-0.112162
0.008097
-0.017610
0.015117
-0.129826
0.045865
0.079936
-0.017010
0.002287
0.072150
-0.051702
0.051550
0.048987
-0.035400
0.129246
0.052875
0.008433
-0.071551
-0.063113
0.098533
-0.046594
-0.097556
-0.000367
0.010264
-0.028599
0.189601
0.030405
-0.029931
0.092423
-0.061399
-0.004682
-0.008364
0.005479
0.143037
0.015357
0.001956
-0.058268
0.042823
-0.095634
0.009173
0.053680
-0.017457
-0.067915
0.002155
0.005252
0.030659
0.077403
-0.015130
0.016259
-0.027108
-0.080239
0.003944
-0.052865
0.037322
0.058199
0.003174
-0.031416
-0.007660
-0.012375
-0.029370
-0.085173
0.062181
-0.078150
-0.005648
0.053939
0.072476
0.045260
0.026209
-0.111922
-0.078096
0.091066
-0.070170
0.111409
0.010139
-0.031607
0.004362
0.090988
0.066728
-0.010451
-0.115038
-0.005736
0.010831
0.048166
-0.010618
-0.044338
0.056871
-0.024892
0.078728
-0.010712
0.126347
-0.076864
-0.166668
0.102758
-0.064732
0.002662
-0.015260
0.015589
-0.008080
0.004997
-0.003624
-0.034333
0.042384
-0.040029
0.090442
0.020200
0.068612
-0.050036
-0.052425
0.029270
0.065328
0.109557
0.045280
0.028306
-0.158805
0.011064
-0.024825
-0.039092
0.004452
0.002294
-0.058752
0.035138
-0.020989
0.000344
0.049327
0.085060
0.054899
0.012464
-0.089551
0.050133
0.095812
-0.136708
0.114460
0.028802
-0.005042
-0.034432
-0.086273
-0.082478
-0.055351
-0.012028
-0.006675
-0.069263
-0.149444
0.102858
0.061500
0.098322
0.059621
0.125178
-0.026094
0.035243
0.084010
-0.012938
0.155409
-0.002392
-0.111909
-0.064567
-0.055608
-0.095244
-0.038466
-0.030160
-0.079076
0.028705
0.071026
0.054504
0.027672
0.008874
0.077942
0.041889
-0.035248
0.019848
-0.047877
0.037748
-0.012299
-0.117512
0.005118
-0.010475
0.019595
0.089991
0.022736
-0.009345
-0.080762
0.100349
-0.070473
-0.053073
0.025039
0.000657
0.118952
0.039577
-0.054478
0.068335
0.020045
-0.062425
0.019540
0.041336
0.051904
-0.020791
-0.052177
-0.073481
-0.018008
0.040939
-0.040737
0.048140
-0.033053
0.090967
-0.054380
-0.082847
0.056389
0.060577
-0.049844
0.031720
0.004321
-0.073090
0.039566
-0.019275
-0.044557
0.017828
0.053101
0.015802
-0.151648
-0.053797
0.108395
-0.082211
-0.112478
-0.001041
0.146579
-0.029619
-0.049337
0.013153
0.042767
0.066923
0.022496
-0.051588
0.065587
0.111379
0.056521
0.127817
-0.053793
-0.055800
0.085296
-0.035944
-0.138532
0.075135
0.080858
-0.127499
0.080735
0.042007
-0.097693
0.082384
0.023381
0.064365
0.086992
-0.103061
-0.156653
0.020722
-0.034213
-0.022954
0.000526
0.003124
-0.041482
0.089122
0.112610
-0.028746
0.045241
0.003282
0.071829
-0.042144
0.018820
0.018111
-0.003442
0.053781
-0.010889
0.028046
0.092250
0.073541
-0.118432
0.003218
0.083418
-0.085572
-0.013992
-0.015692
-0.139606
0.006617
0.011315
-0.054218
0.024812
-0.060861
0.070267
-0.013943
0.014175
-0.010910
-0.040379
-0.074104
0.000905
-0.087464
-0.152650
-0.028467
0.007518
0.000492
-0.099492
-0.006604
-0.029759
0.038578
-0.066374
-0.038956
-0.014991
0.007105
-0.070813
0.032187
0.026634
0.054955
-0.066172
0.012049
0.011883
0.019798
-0.065869
0.036811
-0.055860
0.015339
0.038046
0.071068
-0.004436
-0.095537
-0.010608
0.016283
0.006665
-0.072173
-0.023967
0.043900
0.057364
-0.074505
-0.052122
-0.064687
0.052817
0.084365
-0.019190
-0.018582
-0.014716
0.009277
-0.021445
0.026075
0.160779
-0.060561
0.066916
0.005202
-0.042189
-0.084459
-0.024434
0.016926
-0.039295
0.050944
0.015680
-0.067002
-0.097153
-0.002239
0.113755
-0.063197
0.060039
-0.067620
0.106440
-0.060756
-0.021205
-0.036638
0.091714
0.069689
0.086793
-0.065000
0.005611
-0.011100
0.039942
-0.032458
0.063022
0.036925
-0.069563
0.026022
-0.018339
-0.004362
-0.004088
-0.082925
0.062448
0.045151
-0.075478
0.059633
0.086013
0.069299
0.034203
-0.018514
-0.031566
0.048355
0.083762
0.012039
-0.078162
-0.115258
-0.017661
-0.030168
-0.153397
0.067774
0.115500
-0.050711
-0.049950
-0.051298
-0.049435
-0.009126
-0.052539
-0.011780
-0.077435
0.024562
-0.097138
0.056062
-0.000838
-0.093099
0.037357
-0.009446
-0.033100
0.016887
0.120113
-0.109707
-0.055494
-0.077891
0.076061
-0.036674
-0.099906
-0.025639
0.082650
0.058307
0.000046
0.022141
0.039474
0.035731
0.050072
-0.063803
0.022385
0.043627
-0.067037
-0.006964
-0.045792
-0.100699
-0.036159
-0.059019
-0.045391
0.045602
-0.105241
0.078803
0.044965
