-0.072353
0.098136
-0.065955
0.066621
-0.039623
-0.061075
-0.065692
0.018441
0.088865
0.145750
0.007103
0.006053
0.022115
0.025992
-0.071931
0.057659
0.017814
-0.019254
0.033591
-0.096834
-0.085589
-0.015717
0.059278
0.135730
-0.044504
-0.039906
0.036585
0.053612
-0.016659
0.107662
0.001770
-0.064991
0.116227
0.027164
0.093216
0.038605
-0.126831
-0.091304
-0.018311
-0.117013
-0.086413
-0.015930
0.007941
0.054071
-0.089339
-0.033532
0.019341
0.063377
-0.070882
-0.083124
0.021025
0.050854
-0.082807
0.053808
0.032660
-0.042865
-0.081891
0.016341
0.033469
0.038276
-0.056244
0.070614
0.052455
-0.037967
-0.027800
0.028433
0.000645
0.015204
0.016078
0.030398
-0.050852
-0.112256
-0.015107
0.082465
-0.031130
0.092642
0.060157
0.007439
0.026675
0.011615
0.055399
0.136290
0.001597
0.141294
0.082643
-0.005198
0.029477
-0.004577
0.020583
-0.061457
-0.031750
-0.070309
0.047726
-0.027297
-0.102702
0.233916
0.067128
-0.000693
-0.008836
-0.086236
0.097423
-0.078397
-0.095242
0.094788
0.072218
-0.053423
-0.005791
-0.066041
-0.093378
-0.086922
0.057665
0.080196
-0.052752
0.002794
-0.044304
0.092529
-0.034533
0.011785
-0.042880
0.009270
-0.044772
-0.002171
0.008439
0.022754
-0.011990
0.004523
-0.015320
-0.015972
-0.014311
-0.032558
0.040611
0.115737
-0.073130
-0.008737
0.054153
0.006003
-0.011995
-0.062486
-0.077805
-0.078308
-0.061656
-0.019354
0.061844
0.091397
-0.010568
-0.007324
-0.094668
0.082464
-0.044391
-0.062096
-0.018662
0.101031
-0.078818
0.048003
-0.011588
0.092622
-0.056907
0.071453
0.014440
0.117421
-0.091536
-0.088561
0.029908
-0.055927
0.074058
-0.026827
0.012862
-0.081480
0.016625
0.000122
0.054228
0.038229
-0.104274
0.112443
0.065156
0.035218
-0.066371
-0.032788
0.053280
0.025065
0.036521
0.036896
-0.027213
-0.005726
-0.000618
-0.007189
0.034322
-0.061630
-0.025366
-0.077155
-0.015940
-0.006586
-0.016187
0.008783
0.096218
-0.041327
0.005757
-0.007212
0.056103
-0.017903
0.028844
0.057237
0.065853
-0.052024
-0.010390
-0.044547
-0.137357
-0.069178
-0.098824
0.082398
-0.100809
-0.078767
0.085138
-0.052548
0.004664
-0.018347
0.067750
0.055056
-0.044201
0.112971
0.060284
0.060696
0.006211
-0.062079
0.037668
0.029996
-0.034793
-0.104387
0.014347
-0.088799
0.014658
-0.095620
0.087153
0.033660
-0.114996
0.070779
-0.008041
0.029630
0.076943
-0.052870
-0.020683
-0.005887
-0.019328
-0.055001
0.063857
0.008030
0.004801
0.021904
-0.039966
-0.000572
0.085640
-0.028023
-0.121753
0.032450
-0.050998
0.031175
0.115620
-0.026674
0.039728
-0.050858
-0.037275
0.092307
-0.028544
-0.001202
0.017240
-0.036363
-0.016065
0.076029
0.029443
-0.031508
0.037230
0.006484
0.199616
-0.032875
-0.037227
0.047827
0.047055
0.119777
0.074732
0.047189
-0.044507
0.024057
-0.005944
0.131966
0.063473
0.014183
0.160145
-0.012837
-0.017168
0.074029
-0.056916
0.047939
-0.052059
-0.019337
0.038586
-0.025089
0.070819
0.035723
0.096172
0.050809
-0.052498
0.042888
0.166170
-0.023196
0.087733
-0.086915
-0.030942
0.087344
-0.021966
-0.095812
0.121289
-0.002208
0.031025
0.043168
0.029356
0.031596
0.039450
0.098035
-0.085318
0.063856
-0.014853
-0.244637
0.024174
-0.072844
-0.030267
0.066249
-0.032848
-0.000444
0.105339
0.076733
0.002593
-0.052616
0.043010
0.031205
-0.045625
0.031127
-0.072699
0.009977
0.060868
-0.100323
0.074451
0.092584
0.093010
-0.121941
-0.065817
0.033233
-0.020929
-0.008717
-0.035527
-0.056673
0.046636
0.079039
0.008206
0.024800
-0.007581
0.047279
-0.017628
0.035414
0.091652
-0.021249
-0.062967
-0.021529
-0.059369
-0.084604
-0.078219
0.002439
-0.072880
0.051309
0.021733
-0.074698
0.032866
0.001114
-0.091634
-0.043889
0.056544
-0.005986
-0.032139
0.022283
0.106826
0.029283
-0.029874
0.068288
-0.052837
-0.079224
0.047322
0.025679
0.007731
0.053092
0.072799
0.020426
0.001107
-0.108178
0.026108
-0.037926
-0.116692
-0.061643
0.024702
0.045021
-0.021239
-0.103784
0.013788
0.004685
0.016059
0.046352
0.013543
0.034779
0.018672
-0.124513
-0.012703
0.156215
-0.057748
0.080614
0.034994
-0.021839
0.062321
0.020182
0.022346
-0.004216
0.030889
0.039625
-0.024118
0.035497
0.060178
0.088411
0.051557
0.101445
-0.113617
-0.015625
-0.132468
-0.030608
-0.033045
0.058066
0.073856
0.048213
-0.043421
-0.011772
0.000018
0.011536
-0.031156
0.082266
0.005328
-0.040512
-0.058010
-0.059990
0.025370
-0.109557
-0.048659
0.045826
0.007964
-0.069968
0.045478
0.036462
0.050333
0.100585
-0.002421
-0.054697
0.022265
0.025516
0.036607
-0.004914
-0.058549
0.077067
0.078431
-0.081345
0.109108
0.044436
-0.063284
0.007282
-0.029858
0.024024
-0.006442
-0.031000
-0.105385
-0.026326
0.013443
0.010535
0.035097
-0.008684
-0.067568
-0.018268
-0.010018
0.002824
0.056132
0.180282
-0.081526
-0.072521
-0.040531
0.082745
-0.048235
-0.062427
0.096585
0.043434
-0.010192
0.108439
0.005120
0.072252
0.018290
0.031363
-0.091821
-0.055320
0.055380
-0.023418
-0.002719
-0.038328
-0.041435
-0.014227
-0.045230
0.034616
0.031213
-0.019499
0.056266
0.040816
