-0.061337
0.108727
-0.102054
0.093435
-0.099611
-0.050642
0.006702
-0.007693
0.080984
0.095380
-0.010570
-0.064427
-0.006670
-0.017305
-0.043060
0.013028
0.091508
0.023133
0.074272
-0.083424
-0.033190
-0.035440
0.053694
0.075723
0.004246
-0.040615
0.046257
0.082515
-0.017065
0.072634
0.041237
0.030669
0.126052
0.023359
0.028542
0.037020
-0.100049
-0.081066
-0.000507
-0.044255
-0.139243
0.041749
-0.029050
0.005653
-0.061675
-0.000808
0.008998
0.044331
-0.112331
-0.073037
-0.004319
0.026818
-0.095879
-0.041714
0.008028
-0.044745
-0.075316
-0.072528
0.043087
0.032706
-0.008767
-0.005312
0.011572
0.022493
-0.049672
0.037865
0.018584
0.012725
-0.008251
0.021379
0.024209
-0.002069
0.041442
-0.008473
0.027722
0.037565
-0.007814
0.051511
0.042315
-0.011592
0.052190
0.049327
0.012098
0.023782
0.042742
0.022920
0.021908
-0.001553
-0.067821
-0.021261
-0.039263
-0.089176
0.042740
-0.021756
-0.153480
0.252398
0.022992
-0.029343
0.037080
-0.074580
0.093416
-0.073257
0.002078
0.126375
0.032019
0.002538
-0.043041
-0.014051
-0.092320
-0.105218
0.008163
0.074047
-0.027435
0.043704
-0.072376
0.028474
0.103060
0.119498
-0.063209
0.025537
-0.029149
0.037392
-0.034237
0.006532
0.028945
0.005762
-0.005171
0.011012
0.062747
-0.066954
-0.046280
0.109682
-0.065803
0.049763
-0.003494
-0.023919
0.019922
-0.013356
-0.113981
-0.114068
-0.003496
-0.092348
-0.016829
0.158591
-0.079331
-0.009833
-0.073182
0.022543
-0.086593
-0.011484
0.016715
0.087213
0.032342
0.078569
-0.053607
0.054812
-0.015070
0.082230
0.020909
0.102324
-0.129569
-0.140626
0.102108
-0.052274
0.025328
-0.039736
0.041178
-0.083453
-0.010959
-0.097819
0.045717
-0.045786
-0.074260
0.065427
0.049743
0.046106
-0.003475
0.018787
-0.004647
0.015296
0.036162
0.001657
0.017375
-0.028097
0.029425
0.002280
-0.009139
-0.040981
-0.074156
-0.002684
0.075490
-0.028993
0.017981
0.035450
0.123635
0.089085
0.007390
-0.013827
0.067114
-0.033380
-0.031000
-0.028179
0.027819
-0.027496
-0.107850
-0.076723
-0.097411
-0.026831
-0.031989
0.083852
-0.085332
-0.059193
0.092882
-0.088703
0.040681
-0.049121
0.027195
0.076618
-0.003227
0.093483
0.083577
0.095910
0.058399
-0.101677
0.098330
-0.012288
-0.120170
-0.135017
0.038752
-0.108371
-0.010968
-0.046351
0.091700
0.002514
-0.011937
0.048426
0.040985
0.000009
0.023285
-0.036582
0.020455
0.004204
-0.067476
-0.143845
-0.045874
0.029186
0.024974
-0.006002
-0.012749
0.113174
0.088273
-0.041941
-0.059089
-0.008289
-0.022043
0.031847
0.049578
-0.016883
0.045303
-0.069957
-0.030587
0.065967
-0.019620
0.068134
0.052494
-0.009658
-0.003356
0.051103
-0.018148
0.023479
0.098081
0.010571
0.083749
-0.034328
-0.097826
0.003744
0.029346
-0.017376
0.061812
0.004388
-0.019969
-0.012219
0.050169
0.084785
0.075617
0.004211
0.103712
-0.103247
-0.022363
0.096121
0.068854
-0.022601
-0.099776
0.041289
0.068470
0.092176
0.051415
0.051472
0.033829
0.013376
-0.066310
0.032331
0.104410
-0.002730
0.163912
-0.046938
-0.037726
0.076708
-0.048445
-0.118798
0.061460
0.072039
-0.026992
-0.037391
0.095598
-0.026563
0.063141
0.050609
-0.055496
0.001496
-0.044503
-0.111254
-0.004811
0.074741
-0.101452
0.026566
0.064243
0.022570
0.044821
0.101071
-0.015116
0.042569
0.059296
0.007682
-0.031724
0.056541
-0.026554
0.045626
0.069672
-0.112453
0.008410
0.120712
0.023944
-0.071106
-0.016943
0.089460
-0.048234
-0.082203
-0.032244
-0.117782
-0.028271
0.068055
-0.114593
-0.023057
-0.020902
0.035333
0.022875
-0.041434
0.032370
-0.013062
-0.123650
-0.035437
-0.017299
-0.091966
-0.115671
0.002916
-0.049041
0.022985
0.092470
-0.037637
0.042963
-0.055127
-0.108457
0.011687
-0.057931
0.035834
-0.010787
0.045806
0.039460
0.022940
0.028320
0.072134
-0.006731
0.043434
0.020020
0.001336
0.037059
0.028713
0.046814
0.002169
-0.046215
-0.032282
0.020315
-0.103134
-0.084017
-0.113193
0.056431
0.037808
-0.078119
0.008166
-0.006363
0.032918
0.035875
-0.124613
0.026813
0.003249
0.019470
-0.116171
0.028595
0.128992
-0.043650
0.068345
0.050116
-0.056113
-0.065003
0.080556
0.023848
-0.039430
0.008162
0.095858
-0.022522
-0.002310
0.029925
0.070196
-0.049656
0.140542
-0.039493
-0.000239
-0.088521
-0.008419
-0.030788
0.106090
0.143771
0.043718
-0.036835
0.072456
0.006889
0.013925
0.017987
0.047429
0.069963
-0.054179
-0.045906
0.025620
-0.034736
-0.049961
-0.052030
0.042864
-0.038734
-0.067998
0.034883
0.097116
0.047226
0.006531
-0.022654
-0.088207
0.025122
0.008938
0.029671
-0.119736
-0.073825
0.035443
-0.093577
-0.078311
0.093585
0.073824
-0.034083
-0.102209
-0.036142
0.050282
-0.013790
-0.026328
-0.144242
-0.043188
-0.032943
0.022530
0.046369
0.009401
-0.036703
0.003206
0.070793
-0.009088
0.091644
0.159020
-0.046786
-0.021165
-0.085284
0.000069
-0.085297
-0.135951
0.036266
0.037919
0.019881
0.095569
0.006885
0.121638
0.084334
0.043697
-0.079105
0.029472
0.116537
-0.053074
-0.035896
-0.049294
-0.086806
-0.025191
-0.038113
0.050656
0.026524
0.020980
0.048918
0.075135
