-0.064607
0.079647
-0.107831
0.113932
-0.032015
-0.025951
0.033902
-0.037900
0.086265
0.138350
0.013855
-0.026551
0.011093
0.002089
-0.070075
-0.003802
0.036714
0.010344
0.093972
-0.092364
-0.038430
-0.008384
0.026644
0.105613
-0.000548
-0.044912
0.027216
0.080583
-0.012686
0.085031
0.042594
0.055461
0.084874
-0.043669
0.044046
0.021495
-0.088564
-0.093647
0.014870
-0.076875
-0.079315
0.010117
-0.019519
-0.022636
-0.102861
-0.013533
0.023888
0.045836
-0.101065
-0.029747
0.014597
0.011901
-0.041769
-0.042090
-0.009615
-0.056741
-0.076091
-0.071968
0.061074
0.086756
-0.029661
0.038272
0.054486
0.004846
-0.058128
0.056246
0.004371
0.021780
0.001462
0.019452
-0.016006
-0.042470
0.017570
-0.000268
0.020969
0.075634
0.000302
0.037302
0.036390
0.026551
0.030974
0.065260
-0.005300
0.065060
0.080205
-0.017048
0.033034
0.015232
-0.120248
-0.041391
-0.023206
-0.070677
0.038208
-0.067740
-0.135650
0.235922
0.025216
-0.012395
0.039941
-0.097108
0.117697
-0.127176
0.028216
0.123362
-0.011996
-0.012473
-0.102481
0.014294
-0.059847
-0.081402
0.008890
0.065906
0.018298
0.064031
-0.093289
0.008001
0.110948
0.115891
-0.078923
-0.011425
-0.068870
0.069148
-0.006227
-0.016824
-0.008955
-0.014058
0.014265
-0.023287
0.035580
-0.050467
-0.029727
0.092018
-0.088262
0.022162
-0.028482
-0.072106
-0.000490
-0.007055
-0.082878
-0.121328
0.014863
-0.067300
0.014570
0.145137
-0.084118
0.006289
-0.025893
0.025401
-0.065467
-0.045183
-0.006177
0.103486
-0.003706
0.067216
-0.048382
0.066246
-0.027049
0.057278
-0.009517
0.101695
-0.097273
-0.157801
0.095935
-0.031017
-0.003493
-0.051221
0.069092
-0.124561
0.020568
-0.070390
0.034502
-0.017726
-0.064112
0.045218
0.041345
0.040558
-0.008630
0.022285
0.004273
0.035460
0.025881
-0.001722
0.040946
-0.034629
0.033036
-0.014096
-0.034111
-0.028936
-0.069975
-0.040469
0.023899
0.021865
0.031562
0.029695
0.125847
0.084552
-0.019218
0.012692
0.077400
-0.002560
-0.051895
0.031768
0.034432
-0.032381
-0.079725
-0.097354
-0.117428
-0.037705
-0.039476
0.112516
-0.093101
-0.038566
0.114863
-0.064000
0.014032
-0.041498
0.017081
0.080862
0.002521
0.080158
0.048755
0.092350
0.048313
-0.140848
0.031001
-0.002162
-0.072903
-0.109954
-0.010443
-0.134650
-0.019746
-0.025129
0.078904
-0.014333
-0.041310
0.037648
0.040429
-0.007457
0.064031
-0.044129
0.007729
-0.021679
-0.128163
-0.104475
-0.001615
0.024167
-0.026544
-0.003600
-0.034867
0.074834
0.087473
-0.041128
-0.075028
-0.032008
-0.022163
0.054376
0.054097
-0.042333
0.060194
-0.024746
-0.037683
0.081396
-0.014820
0.079237
0.043809
-0.022082
-0.019204
0.022548
0.008798
-0.002282
0.114243
-0.006205
0.084707
-0.041189
-0.079350
0.020413
0.031970
-0.010950
0.051607
0.020419
-0.047174
0.007923
0.021073
0.055427
0.104308
0.015689
0.095871
-0.109453
-0.036308
0.092205
0.024280
-0.022533
-0.092201
0.028999
0.057024
0.060576
0.070613
0.024946
0.056509
0.019430
-0.091686
0.043110
0.114107
0.011146
0.190162
-0.054928
-0.038866
0.079121
-0.038208
-0.123756
0.074594
0.056124
-0.035482
0.022422
0.063189
-0.008037
0.042128
0.060179
-0.035399
0.023728
-0.044115
-0.171149
-0.025949
0.034992
-0.075012
0.036632
0.065809
0.012628
0.055475
0.130857
0.016361
-0.010281
0.060397
0.004041
-0.042175
0.076855
-0.028516
0.023417
0.065827
-0.058005
0.017644
0.115333
0.060733
-0.073178
-0.025936
0.078624
-0.051012
-0.066224
-0.057103
-0.130697
-0.027323
0.056142
-0.115973
-0.002152
-0.023025
0.043889
0.002597
-0.014894
0.047565
-0.023537
-0.125471
-0.021138
-0.048652
-0.113703
-0.106951
0.026487
-0.064070
0.036950
0.070838
-0.060982
0.070883
-0.053470
-0.093614
0.002886
-0.023773
0.026403
0.011776
0.064363
0.058490
0.005888
0.017815
0.068985
0.028613
0.006632
0.027784
-0.019950
0.059467
0.032572
0.069591
-0.001433
-0.028741
-0.052977
0.031309
-0.074369
-0.046476
-0.093925
0.027271
0.056988
-0.063661
-0.009784
-0.008041
0.049232
0.030360
-0.061139
0.003383
-0.007248
0.028897
-0.115224
0.028774
0.167881
-0.042081
0.069080
0.054603
-0.061772
-0.047112
0.054935
-0.000209
-0.038904
0.013969
0.096122
-0.042550
-0.005476
0.022067
0.088187
-0.039048
0.118619
-0.082445
0.035954
-0.090952
-0.006802
-0.035374
0.122644
0.130707
0.085052
-0.046322
0.076730
-0.004066
0.021537
-0.004398
0.075870
0.063970
-0.032110
-0.044314
0.031333
-0.039182
-0.028682
-0.059702
0.053999
-0.007142
-0.077794
0.042291
0.127559
0.048442
0.042916
-0.005560
-0.065912
0.028587
-0.002191
0.032918
-0.111065
-0.052197
0.043849
-0.035220
-0.111841
0.099925
0.063764
-0.028676
-0.046687
-0.040223
0.039139
-0.020237
-0.033402
-0.104361
-0.065135
0.033197
0.018966
0.052506
0.027302
-0.075144
-0.006404
0.056705
0.001916
0.044389
0.161024
-0.073292
-0.047026
-0.083632
0.006280
-0.069154
-0.149480
0.036459
0.046904
0.030165
0.089441
0.003988
0.099287
0.085837
0.064668
-0.082756
0.027407
0.112908
-0.068194
-0.014834
-0.042926
-0.088984
-0.023784
-0.045145
0.042882
0.041136
-0.002217
0.057532
0.067184
