-0.047013
0.087109
-0.108916
0.101321
-0.119010
-0.019999
-0.044506
0.031826
0.110920
0.113607
-0.010597
-0.030342
-0.005133
-0.007670
-0.071013
0.034444
0.013529
0.048123
0.027395
-0.110398
-0.083057
-0.022612
0.044109
0.113121
-0.022958
-0.076551
0.030232
0.075493
-0.012057
0.076438
0.015392
-0.042240
0.102700
0.030791
0.046221
0.065670
-0.128183
-0.097135
0.021719
-0.065913
-0.096374
0.025521
-0.033033
0.039901
-0.108181
-0.067824
0.016003
0.027590
-0.076259
-0.058402
0.000495
0.016762
-0.067866
-0.018370
0.030269
-0.034863
-0.085164
-0.031757
0.053717
0.020744
-0.020689
0.001698
0.010148
-0.015431
-0.065430
0.014538
-0.018776
-0.008432
-0.009973
0.018171
-0.019486
-0.052759
0.038491
0.035579
-0.013096
0.097971
0.042084
0.001797
0.041233
-0.005625
0.080018
0.128595
-0.007953
0.072201
0.033046
-0.027534
0.019219
-0.004874
-0.045160
-0.026801
-0.052635
-0.072285
0.049136
-0.000649
-0.125160
0.245569
0.040818
-0.016358
0.006131
-0.101313
0.101539
-0.123549
-0.061516
0.127304
0.046993
-0.011937
-0.028923
-0.009132
-0.081490
-0.113253
0.042956
0.046875
-0.064130
0.019864
-0.109247
0.073419
-0.003237
0.073829
-0.055552
0.033712
-0.032202
0.030257
-0.027231
-0.029172
-0.059652
0.006306
0.001849
-0.007858
0.021004
-0.016422
0.009751
0.095109
-0.042114
0.008342
0.047413
-0.026659
-0.016021
-0.030801
-0.075553
-0.101463
-0.003539
-0.065608
0.018228
0.141703
-0.025933
0.015168
-0.086689
0.018074
-0.081602
-0.037134
-0.036475
0.130416
-0.049183
0.063498
-0.054679
0.064181
-0.025138
0.134038
0.039518
0.140908
-0.101353
-0.145402
0.065601
-0.049554
0.036375
-0.015730
0.055126
-0.056246
0.014768
-0.043772
0.038712
-0.035620
-0.053656
0.118764
0.069797
0.029751
-0.026122
0.000125
0.013523
0.012639
0.040670
0.035412
0.008036
-0.001572
0.012829
0.022286
-0.003122
-0.022598
-0.051671
-0.046287
0.028986
0.004032
-0.010475
0.006106
0.123456
0.034490
0.014946
0.024872
0.045120
-0.012728
-0.000713
-0.025653
0.016427
-0.021451
-0.083243
-0.075103
-0.114293
-0.023012
-0.058852
0.136041
-0.083756
-0.080251
0.076449
-0.073721
0.047221
-0.043752
0.040083
0.097614
-0.088823
0.100984
0.079592
0.082288
0.060285
-0.079618
0.058534
0.019883
-0.067159
-0.142986
0.033796
-0.086747
-0.039399
-0.075878
0.120798
0.025844
-0.038814
0.092315
0.048751
0.001982
0.027159
-0.034044
0.006772
-0.017043
-0.051164
-0.073508
0.000263
-0.004149
0.012354
-0.020648
-0.034997
0.067885
0.077120
-0.025366
-0.070190
-0.039930
-0.034298
0.031412
0.062296
-0.041713
0.086081
-0.089389
-0.064789
0.046449
-0.092338
0.017682
0.077391
0.012596
0.020550
0.133685
0.061522
0.066435
0.134905
-0.020477
0.081357
-0.013584
-0.064194
0.091016
0.033470
-0.054616
0.012823
0.006595
-0.039079
-0.014612
0.019736
0.037322
0.067302
-0.041742
0.162820
-0.019232
-0.020815
0.084150
-0.042251
0.049566
-0.062808
-0.081166
0.032799
0.095087
0.067226
0.016508
0.131614
0.023667
-0.139891
0.012422
0.136796
0.033621
0.074460
-0.064484
-0.071169
0.049167
0.021943
-0.058292
0.010463
-0.037645
0.003909
-0.005515
-0.028135
0.047289
0.098702
0.097544
0.006368
0.031633
-0.010176
-0.178652
0.008079
0.021589
-0.029593
0.076413
-0.009069
0.025208
0.060623
0.102201
0.016981
0.038046
0.039737
0.071387
0.038095
-0.033954
-0.042647
0.028292
0.110883
-0.143294
0.027114
0.099187
0.122668
-0.129016
-0.018218
0.005006
0.011883
-0.027289
-0.026240
-0.023237
0.046325
0.056639
-0.038841
-0.049695
0.017250
0.010934
0.009015
-0.014330
0.079699
-0.022904
-0.089364
-0.057029
-0.013294
-0.002967
-0.001639
0.040067
-0.079294
0.054493
0.070814
-0.011489
0.018955
-0.006208
-0.056630
-0.022135
0.001793
0.026439
-0.004580
0.038663
0.009821
-0.001014
-0.036837
0.053425
-0.023166
-0.078849
0.004917
0.014835
0.038441
0.086662
0.073499
-0.006282
0.049256
-0.090259
0.034156
-0.043974
-0.030406
-0.004583
0.119848
0.055774
-0.069739
-0.139272
0.040541
0.000058
0.002619
-0.040699
-0.020476
0.002324
0.064798
-0.035394
0.008481
0.035759
-0.023900
0.009349
0.088110
-0.029895
-0.061505
0.099825
0.087221
-0.034726
0.059882
0.004975
-0.058182
-0.062773
0.079371
0.053606
-0.115202
0.151456
-0.056880
-0.000980
-0.054122
-0.021041
0.005507
0.070024
0.082588
0.025149
-0.014210
0.057188
0.004564
0.009898
-0.069457
0.114790
0.074045
0.036850
-0.062347
-0.064095
0.063002
0.030832
-0.049856
0.043463
-0.059253
-0.082461
0.021590
-0.007590
0.142563
0.119873
-0.007564
-0.023140
0.025082
0.051633
0.051140
-0.018095
-0.080849
0.041942
-0.024282
-0.093100
0.064412
0.068943
-0.044099
-0.106671
-0.032942
0.077337
-0.061357
-0.018362
-0.108662
0.012247
-0.074898
-0.078638
0.003806
0.009094
-0.067014
0.023489
0.002443
0.065836
0.078226
0.122228
0.007444
0.058461
-0.105425
0.059276
-0.047204
-0.068689
0.012144
0.029531
0.093393
0.048208
0.029207
0.089543
0.050419
0.092913
-0.143454
-0.037640
0.092669
-0.016315
-0.071304
-0.075507
0.021080
-0.033951
-0.014707
0.042293
0.053445
0.074927
0.038898
0.015558
