-0.094879
0.085691
-0.138424
0.115018
-0.073220
-0.079464
-0.016842
-0.012531
0.097233
0.135378
0.012745
-0.026212
-0.014541
-0.025934
-0.070818
0.054194
0.039852
0.017727
0.059723
-0.105411
-0.054986
-0.023822
0.085872
0.090279
-0.022695
-0.068826
0.035517
0.080034
-0.034965
0.083184
0.068665
0.022248
0.132767
0.013904
0.060503
0.064739
-0.139970
-0.089073
0.010395
-0.069699
-0.094272
0.017684
-0.017191
0.030442
-0.115617
0.001839
-0.012321
0.037838
-0.105169
-0.045813
0.007943
0.034737
-0.066106
-0.025534
0.044965
-0.045371
-0.108521
-0.054657
0.054172
0.037453
-0.002981
0.022808
0.027816
0.011564
-0.060718
0.035106
-0.015713
0.018574
-0.016098
0.013574
-0.002145
-0.077767
0.039691
0.001490
0.012775
0.091130
0.040497
0.046417
0.069236
0.001237
0.077737
0.097074
0.001017
0.076604
0.045293
0.001734
-0.000158
0.000823
-0.078495
-0.015893
-0.025972
-0.084107
0.066621
-0.038754
-0.144551
0.230001
0.052391
-0.017035
0.029350
-0.087762
0.092802
-0.127641
-0.034501
0.135499
0.046090
-0.035827
-0.021122
-0.017501
-0.051955
-0.101785
0.011200
0.053135
-0.053612
0.038679
-0.075958
0.029191
0.035606
0.107011
-0.062272
-0.001920
-0.010363
0.064033
0.002588
-0.019948
0.002497
0.019124
-0.003799
-0.012499
0.049391
-0.054005
0.006708
0.105205
-0.086237
0.031840
-0.021133
-0.020382
0.000335
0.001313
-0.105554
-0.097945
-0.018271
-0.059884
0.017976
0.146158
-0.065179
0.003967
-0.056774
0.043907
-0.055710
-0.031556
-0.032754
0.097749
0.003349
0.034259
-0.032650
0.086177
0.009867
0.104098
0.007804
0.087642
-0.110131
-0.150675
0.085541
-0.031991
0.024666
-0.026361
0.040730
-0.116497
-0.010753
-0.042015
0.014353
-0.045261
-0.080678
0.077937
0.055118
0.050745
-0.025988
0.044093
0.009577
0.045776
0.030105
0.016764
0.044128
-0.001187
0.021384
0.022862
-0.005870
-0.007554
-0.043708
-0.030438
0.008290
-0.022448
0.009116
0.020194
0.116302
0.039517
-0.019847
-0.010548
0.059418
-0.025384
-0.030356
0.025096
0.039208
-0.009564
-0.075000
-0.097198
-0.122786
-0.025202
-0.051087
0.102793
-0.104634
-0.068974
0.098069
-0.080096
0.009341
-0.021410
0.035376
0.073527
-0.037387
0.074842
0.068587
0.070852
0.062724
-0.096856
0.044581
-0.001859
-0.079775
-0.150220
-0.005544
-0.084249
-0.031373
-0.052086
0.099880
0.026869
-0.026137
0.031033
0.006704
-0.006998
0.030007
-0.033697
0.008644
0.015990
-0.072556
-0.098853
-0.017819
0.021160
-0.001405
-0.012021
-0.025627
0.104552
0.084107
-0.026039
-0.067072
0.000621
-0.048302
0.032760
0.053880
-0.035438
0.092675
-0.033872
-0.036306
0.010261
-0.062492
0.064881
0.102688
0.009667
-0.001062
0.086509
0.005809
-0.000045
0.141986
-0.001747
0.084454
-0.016961
-0.088213
0.036107
0.007447
-0.033044
0.052784
0.006504
-0.065515
-0.003462
0.024626
0.026915
0.083412
-0.006837
0.176989
-0.092848
-0.000542
0.120846
0.012375
-0.015448
-0.064041
-0.038676
0.009435
0.095696
0.059569
-0.008752
0.079438
0.018021
-0.117876
0.011208
0.126434
0.024925
0.141163
-0.041178
-0.047321
0.057607
0.000835
-0.103087
0.010903
0.018903
-0.059093
0.017252
0.038916
-0.007588
0.098857
0.063667
0.014282
0.002651
-0.003173
-0.114783
0.023540
0.069872
-0.059082
0.043631
0.026312
0.006091
0.057267
0.114462
0.010905
0.050453
0.015744
0.059213
0.012624
0.006089
-0.001246
0.036296
0.088102
-0.148578
-0.043028
0.113839
0.077323
-0.102708
-0.023198
0.065002
-0.030839
-0.017912
-0.012990
-0.110273
-0.022599
0.084388
-0.114727
-0.041740
-0.039163
0.011701
0.024603
0.042496
0.047838
-0.013636
-0.085718
-0.052527
-0.010698
-0.055228
-0.046084
0.039650
-0.019272
0.024149
0.062813
-0.042035
0.029757
-0.035442
-0.046373
0.028465
0.007044
0.026827
-0.035181
0.033935
-0.008370
0.001822
0.033990
0.061467
-0.005471
-0.059848
-0.005939
-0.010477
0.055509
0.061462
0.074485
0.007489
-0.039042
-0.077116
0.010679
-0.085201
-0.048787
-0.046212
0.124315
0.113858
-0.071672
-0.066611
0.007486
0.042271
0.063036
-0.065028
0.017995
-0.036634
0.047071
-0.081348
0.022536
0.078781
-0.021530
0.024426
0.090342
-0.047388
-0.145271
0.058329
0.045945
-0.075284
0.062767
0.047971
-0.093327
-0.084144
0.029286
0.076077
-0.112604
0.137763
-0.066880
-0.001008
-0.067765
-0.015616
-0.024312
0.107208
0.153653
0.036872
-0.012593
0.055095
0.025628
0.011188
-0.019270
0.081219
0.125804
-0.009367
-0.064920
-0.018652
0.006532
0.013994
-0.050740
0.033195
-0.021685
-0.071337
0.022959
0.033786
0.131250
0.081645
-0.012769
-0.021263
0.030695
0.010812
0.033811
-0.070686
-0.090688
0.006480
-0.069838
-0.093526
0.065068
0.079512
-0.037204
-0.127721
-0.039912
-0.001379
-0.028800
-0.002839
-0.142784
-0.022027
-0.037105
-0.012744
0.019525
0.021990
-0.075909
-0.012464
0.021771
-0.003030
0.080751
0.151312
-0.067330
0.054124
-0.102444
0.026976
-0.068054
-0.104021
0.024931
0.028688
0.061935
0.072605
0.010045
0.100521
0.056329
0.045180
-0.104227
-0.004267
0.071575
-0.048147
-0.058691
-0.059401
-0.072522
-0.030558
-0.011373
0.041190
0.028904
0.068813
0.036295
0.068148
