-0.098796
0.058446
-0.097279
0.096324
-0.031741
-0.035543
0.037236
-0.024144
0.109609
0.147111
0.013516
-0.010731
0.018082
0.016652
-0.097903
0.001907
0.023356
-0.004119
0.074025
-0.090576
-0.032341
-0.010181
0.011422
0.115843
0.013522
-0.062115
0.022839
0.052305
-0.033929
0.087323
0.063809
0.060152
0.097749
-0.019932
0.028183
0.011900
-0.076638
-0.100174
0.020853
-0.082048
-0.079214
0.012761
-0.005430
-0.017811
-0.090301
-0.020467
0.033853
0.043077
-0.087436
-0.018977
0.034285
0.015681
-0.034262
-0.040164
0.005885
-0.038082
-0.091397
-0.066693
0.054126
0.072150
-0.042280
0.032626
0.057784
0.012338
-0.070051
0.024775
-0.002637
0.015525
-0.018494
0.009926
-0.022176
-0.055829
0.015756
0.016444
0.027679
0.069898
0.028191
0.024677
0.052601
0.017541
0.023696
0.071462
-0.023198
0.058192
0.091300
-0.015753
0.033679
-0.017367
-0.128364
-0.034790
-0.038188
-0.075730
0.032699
-0.054412
-0.116886
0.228454
0.038938
-0.019301
0.060692
-0.101683
0.110550
-0.133130
0.018241
0.143545
-0.001132
-0.009588
-0.082276
0.024843
-0.053662
-0.072781
0.021830
0.052912
-0.000267
0.053807
-0.071590
0.003913
0.092897
0.103569
-0.048493
-0.009905
-0.072096
0.056319
0.014897
-0.042602
-0.014233
-0.022432
0.011279
-0.034635
0.039213
-0.066659
-0.010669
0.095016
-0.080330
0.017147
-0.022590
-0.080510
0.012828
0.013368
-0.074830
-0.108503
0.005116
-0.063042
0.012125
0.145601
-0.064993
0.021845
0.003068
0.054402
-0.038863
-0.061951
-0.025042
0.080194
0.002968
0.074578
-0.066980
0.070896
-0.012272
0.067875
0.003724
0.109721
-0.113539
-0.189603
0.064741
-0.041524
0.022124
-0.052423
0.075784
-0.141785
0.039160
-0.058994
0.020910
-0.013819
-0.057595
0.055521
0.049345
0.039555
-0.005141
0.026716
0.025105
0.061913
0.021786
0.006666
0.032223
-0.022377
0.016113
-0.000085
-0.047455
-0.022604
-0.055807
-0.041683
0.013866
0.003826
0.024225
0.011539
0.127692
0.071301
-0.026544
0.001578
0.072487
-0.022285
-0.063237
0.046580
0.016468
-0.029251
-0.064977
-0.118482
-0.120026
-0.019057
-0.029322
0.104935
-0.118413
-0.073189
0.125129
-0.058461
0.005838
0.000126
0.039002
0.058044
-0.006626
0.071500
0.031556
0.114285
0.068549
-0.139544
0.018879
-0.020930
-0.039304
-0.118764
-0.022809
-0.136631
-0.026648
0.003314
0.098324
0.002974
-0.016952
0.036972
0.056204
-0.015271
0.039936
-0.065380
-0.007093
0.005195
-0.133214
-0.097739
0.007921
0.009163
-0.014970
-0.021386
-0.025944
0.050725
0.055725
-0.028766
-0.064192
-0.049000
-0.054335
0.048834
0.040661
-0.059074
0.045905
-0.011132
-0.050788
0.089490
-0.034667
0.056887
0.071720
-0.044427
-0.004112
0.015151
0.020478
0.007243
0.081294
-0.020092
0.092097
-0.056472
-0.069881
0.016177
0.040422
-0.040912
0.062390
0.053390
-0.027388
0.025319
0.022159
0.053330
0.116428
0.015491
0.084139
-0.097091
-0.052012
0.089143
0.050443
-0.018530
-0.041332
-0.002510
0.069815
0.091137
0.055088
-0.015416
0.049800
0.061433
-0.071999
0.060807
0.118524
-0.013103
0.150940
-0.094633
-0.031594
0.046080
0.003485
-0.071872
0.121688
0.064916
-0.020226
0.016985
0.123574
-0.023008
-0.010531
0.049279
-0.024489
0.007295
-0.027422
-0.203005
-0.037125
0.048887
-0.039164
0.039127
0.080559
0.018999
0.042616
0.112347
0.017037
-0.030911
0.049159
-0.049441
-0.039086
0.071912
-0.065974
0.033856
0.044861
-0.044799
0.026496
0.085753
0.049731
-0.079091
-0.034323
0.045143
-0.021833
-0.072177
-0.042711
-0.122587
0.001176
0.033150
-0.151489
0.018626
-0.012098
0.062653
-0.005668
-0.026831
0.054936
-0.032415
-0.094272
-0.045921
-0.020670
-0.114599
-0.076948
0.024518
-0.047405
0.051996
0.055789
-0.030726
0.018411
-0.064868
-0.077722
-0.000737
-0.048089
0.048563
0.014643
0.069160
0.024410
-0.027747
0.005765
0.095985
0.056730
-0.001527
0.041529
-0.003695
0.080737
0.027865
0.009936
-0.017034
-0.041106
-0.035458
0.028176
-0.082400
-0.068297
-0.082482
0.003875
0.068555
-0.072878
-0.023890
0.001328
0.048590
0.025987
-0.056031
-0.004622
0.028529
0.069636
-0.104123
0.042345
0.206438
-0.060450
0.087793
0.052637
-0.027949
-0.043316
0.054131
0.003948
-0.053191
0.048266
0.082789
-0.070272
0.002448
0.035146
0.079367
-0.017789
0.110883
-0.078228
0.017749
-0.092352
-0.022185
-0.001985
0.119966
0.160057
0.047086
-0.067708
0.083284
-0.000471
0.025794
-0.001675
0.063496
0.023332
0.005639
-0.056758
0.054212
-0.024461
-0.022137
-0.065633
0.058203
-0.025771
-0.088771
0.058516
0.127924
0.071151
0.082267
0.020709
-0.028844
0.035779
-0.001291
0.040416
-0.100190
-0.085041
0.013649
-0.024289
-0.096569
0.085298
0.046460
-0.033215
-0.047357
-0.035659
0.052292
-0.030156
-0.046366
-0.088104
0.024134
0.067036
0.031035
0.063792
0.068351
-0.074334
0.017242
0.058299
-0.009859
0.013027
0.130787
-0.102030
-0.016813
-0.094159
0.006136
-0.018933
-0.136446
0.091066
0.052485
0.029170
0.083328
0.017262
0.067858
0.079237
0.040034
-0.034627
0.016777
0.095420
-0.063970
-0.024178
-0.042746
-0.095788
-0.035444
-0.062605
-0.001370
0.053424
0.046419
0.069539
0.105166
