-0.085343
0.118187
-0.059553
0.035287
-0.063674
-0.030909
0.005388
0.020134
0.077717
0.123942
0.020721
-0.055453
0.013323
0.010880
-0.052149
-0.021911
0.086813
0.028116
0.061234
-0.093656
-0.040729
-0.016460
0.022047
0.099022
0.005396
-0.002522
0.056088
0.089291
0.006617
0.093611
0.003735
0.028149
0.074557
0.012390
0.061391
-0.007291
-0.063695
-0.070085
-0.004190
-0.047395
-0.135767
0.051082
-0.018523
-0.009966
-0.053909
-0.005210
0.011326
0.056659
-0.113303
-0.073229
0.031982
0.064037
-0.117325
-0.015485
-0.029204
-0.028825
-0.044430
-0.086276
0.004276
0.066557
-0.026755
0.024279
-0.006178
0.031457
-0.027139
0.040414
0.028110
0.029332
-0.009444
0.001660
0.010469
0.019197
0.031820
-0.003906
0.038224
0.021625
-0.031396
0.035331
-0.005554
0.002493
-0.025767
0.031611
0.008990
0.021049
0.062752
0.045575
0.039024
-0.011040
-0.070830
-0.052129
-0.044173
-0.110132
0.038438
-0.042568
-0.155453
0.273632
0.017931
-0.035885
0.037282
-0.095221
0.100776
-0.079348
0.001440
0.084642
0.070158
0.006853
-0.081887
-0.012295
-0.115828
-0.062171
0.002336
0.058175
-0.002074
0.028987
-0.072605
0.006161
0.110419
0.094499
-0.050654
0.042021
-0.028497
0.009392
-0.029568
0.023872
0.028746
0.005520
-0.015980
0.029639
0.062672
-0.056567
-0.044478
0.123355
-0.078572
0.027532
0.021685
-0.003532
0.038233
-0.001490
-0.077851
-0.111208
0.002842
-0.066182
0.020545
0.122123
-0.095251
-0.022143
0.000973
0.025050
-0.066083
-0.035452
0.016041
0.086644
0.025295
0.077966
-0.105507
0.034491
-0.045610
0.021362
-0.014236
0.130934
-0.137465
-0.139221
0.104070
-0.061354
0.040015
-0.058484
0.015230
-0.083350
-0.018704
-0.099069
0.069645
0.001690
-0.096266
0.068128
0.036749
0.059606
0.049109
0.012547
0.005847
0.019506
0.038555
0.003252
-0.019331
-0.032173
0.015428
0.036009
-0.012997
-0.062080
-0.056001
-0.019945
0.093259
-0.049185
0.026170
0.011412
0.138933
0.101814
0.025358
-0.026188
0.090350
-0.048218
-0.053980
0.023435
0.051818
-0.043514
-0.115472
-0.040939
-0.070865
-0.028394
-0.035218
0.071347
-0.088996
-0.078012
0.108057
-0.075020
0.056675
-0.031055
0.047944
0.058014
-0.007073
0.078953
0.047294
0.089650
0.043929
-0.106427
0.082113
-0.034034
-0.135810
-0.102586
0.027807
-0.116088
0.024725
-0.044311
0.115253
-0.005535
-0.008414
0.054950
0.081416
0.000468
0.039742
-0.070003
0.011490
0.032059
-0.093281
-0.125422
-0.024269
0.027992
0.011591
0.004870
-0.008549
0.050915
0.088859
-0.017444
-0.068974
-0.014311
-0.032232
0.008836
0.047397
-0.019123
0.028172
-0.042417
-0.057855
0.066410
-0.010377
0.073442
0.012656
-0.027861
-0.037144
0.031654
-0.000116
0.028423
0.092929
0.006884
0.047021
-0.055711
-0.061426
0.042084
0.037953
-0.026179
0.063270
0.040378
-0.043182
0.009595
0.019205
0.064853
0.030842
0.067998
0.058010
-0.056427
-0.043478
0.089651
0.062228
-0.040130
-0.081577
0.065099
0.029092
0.082336
0.079944
0.049344
0.008345
-0.008082
-0.054632
0.059400
0.071532
0.029564
0.158481
-0.044896
-0.019135
0.072349
0.004069
-0.079036
0.035266
0.113893
-0.031747
-0.048113
0.096064
-0.003216
0.065846
0.030529
-0.038391
0.005751
-0.077909
-0.123361
-0.029418
0.018687
-0.061072
0.006340
0.061594
0.035440
0.083138
0.086190
-0.050062
0.030271
0.103252
0.024582
-0.046038
0.065776
0.011301
0.048222
0.072126
-0.083062
0.028930
0.114294
0.032698
-0.101600
-0.031880
0.051718
-0.041382
-0.092791
-0.056874
-0.097249
0.025571
0.062365
-0.130343
-0.005402
-0.047396
0.056708
-0.003122
-0.064137
0.044383
-0.024210
-0.090049
-0.069704
-0.025486
-0.096364
-0.124048
-0.061839
-0.053213
-0.017779
0.069326
-0.014439
-0.003077
-0.072065
-0.089670
0.020636
-0.025714
0.000202
0.017220
0.052113
0.063418
-0.041948
0.045703
0.068017
-0.034695
0.047317
0.047865
0.009743
0.056779
0.041334
0.047360
-0.029209
-0.031981
0.011415
0.021110
-0.088062
-0.079543
-0.079324
0.022184
-0.014499
-0.080166
-0.052502
-0.046955
0.068959
0.012067
-0.116520
0.022857
0.012126
0.060623
-0.054563
0.044670
0.152421
-0.060135
0.054278
0.025984
-0.080616
-0.072536
0.061537
0.004373
-0.029102
-0.011377
0.067100
-0.036749
-0.025668
0.044798
0.080386
-0.043990
0.146215
-0.054498
0.057290
-0.092613
-0.006816
-0.011888
0.090166
0.119261
0.026391
-0.062176
0.076626
-0.007584
0.029891
0.061534
0.057731
0.049200
-0.051431
-0.054251
-0.032748
-0.015027
-0.012548
-0.067529
0.050012
-0.033581
-0.086554
0.054173
0.126716
0.044046
0.083757
-0.035506
-0.100826
0.041253
0.047835
0.024219
-0.143888
-0.122677
0.013911
-0.092140
-0.092385
0.074695
0.082575
-0.031449
-0.087322
-0.040050
0.051651
0.022319
-0.009198
-0.125602
-0.079179
0.006004
0.010227
0.065771
0.057795
-0.045691
-0.002308
0.051497
-0.024089
0.040227
0.192425
-0.069336
-0.063591
-0.100854
0.042390
-0.040523
-0.124912
0.020030
0.061653
0.029213
0.033907
-0.016424
0.053956
0.065004
0.069952
-0.087595
0.023237
0.133412
-0.026743
-0.026438
-0.049628
-0.121552
-0.029751
-0.063153
0.025408
0.021189
-0.014773
0.065230
0.077567
