-0.079101
0.072595
-0.117656
0.091359
-0.051591
-0.065780
0.033216
-0.049116
0.091713
0.158151
-0.002433
-0.018967
-0.001748
0.006916
-0.093714
-0.000490
0.010609
0.030875
0.082959
-0.105768
-0.034030
-0.041715
0.037697
0.103699
0.001627
-0.055821
0.049484
0.061292
-0.022080
0.111368
0.056040
0.042083
0.112700
-0.034783
0.038337
0.046269
-0.095108
-0.080805
0.004250
-0.102469
-0.084620
0.043443
-0.023903
-0.037989
-0.098291
-0.026686
0.023846
0.035458
-0.097914
-0.035713
0.024642
0.024501
-0.068370
-0.031857
0.009206
-0.048045
-0.096696
-0.049428
0.053066
0.105387
-0.009216
0.035821
0.025243
0.035316
-0.050238
0.026507
-0.011761
0.035391
-0.002576
0.018334
-0.036210
-0.061918
0.025669
0.014859
0.036033
0.074407
0.032144
0.021047
0.057206
0.028139
0.005121
0.086398
0.015491
0.034859
0.069389
0.025332
0.020685
-0.036538
-0.122392
0.012187
-0.039021
-0.087421
0.034457
-0.060697
-0.127690
0.257053
0.083670
-0.027146
0.070033
-0.094799
0.107308
-0.148456
0.012684
0.166473
0.014715
-0.023436
-0.062139
0.020626
-0.056344
-0.057984
0.032251
0.053701
-0.019936
0.036592
-0.040197
-0.009292
0.091501
0.097061
-0.064179
0.015440
-0.065360
0.056010
0.012985
0.009300
0.017386
-0.000739
-0.004292
-0.037822
0.058811
-0.054341
0.002678
0.080414
-0.070498
0.003423
-0.015293
-0.043040
0.025132
-0.014443
-0.087908
-0.087318
0.034457
-0.041072
0.019494
0.119545
-0.068381
-0.003646
0.002864
0.038468
-0.047831
-0.074294
-0.008933
0.073660
-0.053045
0.036862
-0.054416
0.076830
-0.039892
0.045494
0.024213
0.096634
-0.110662
-0.177413
0.095743
-0.057331
-0.024629
-0.026399
0.041789
-0.110605
0.023008
-0.032945
0.003955
-0.011979
-0.048358
0.054892
0.047464
0.035651
-0.014068
0.008576
0.010375
0.053442
0.021304
0.025256
0.048812
-0.046006
0.017033
-0.010246
-0.023304
-0.018470
-0.069828
-0.058310
-0.009730
-0.000330
-0.003380
0.018375
0.145529
0.074046
-0.033936
-0.005790
0.066386
-0.019046
-0.058099
0.056173
0.043779
-0.030649
-0.077806
-0.094478
-0.118607
-0.021781
-0.048422
0.095393
-0.092239
-0.069423
0.095074
-0.022371
0.030574
-0.008487
0.062678
0.049809
-0.035156
0.077617
0.075195
0.094208
0.072926
-0.146947
0.008231
-0.010973
-0.078874
-0.116296
-0.006454
-0.115372
0.011590
-0.014124
0.086332
0.007737
-0.035715
0.024976
0.013401
-0.004353
0.040774
-0.035884
-0.008880
0.014148
-0.116200
-0.075324
0.018340
0.023552
0.000183
-0.038527
-0.014630
0.034226
0.104237
-0.038481
-0.067447
-0.013251
-0.003172
0.044850
0.046811
-0.038460
0.066213
0.011986
-0.031266
0.056457
-0.027619
0.044452
0.080605
-0.012982
-0.015160
0.058512
0.036551
-0.040861
0.131067
-0.030277
0.083398
-0.032670
-0.082094
0.071368
0.023535
-0.028508
0.027779
0.048682
-0.077544
0.015875
0.032171
0.043472
0.127135
0.021025
0.136025
-0.108618
-0.030526
0.093630
-0.002192
0.030818
-0.032171
-0.001405
0.047694
0.056006
0.056600
0.013200
0.078431
0.035441
-0.075408
0.034257
0.123971
0.024496
0.153896
-0.049461
-0.045313
0.060827
0.001860
-0.131480
0.067285
0.021858
-0.021539
0.061515
0.045198
0.001100
0.070286
0.101390
-0.028847
0.067213
-0.034959
-0.151811
-0.001735
0.083027
-0.087089
0.006308
0.061500
0.008673
0.099088
0.154918
0.032263
-0.014803
0.010886
0.017762
-0.025759
0.047707
0.008442
0.033842
0.055885
-0.110914
0.007247
0.132860
0.076093
-0.123320
0.005665
0.037776
-0.068810
-0.036136
-0.036984
-0.146498
0.035330
0.090235
-0.117356
-0.005273
-0.021535
0.033004
0.015535
0.016886
0.087931
-0.019862
-0.130204
-0.021872
-0.012983
-0.082814
-0.086128
0.050082
-0.052384
0.041175
0.041530
-0.042200
0.025980
-0.040900
-0.043827
-0.002970
-0.012588
0.053904
-0.001897
0.065729
0.044062
-0.020807
0.026945
0.039966
0.025633
-0.052369
0.012384
-0.021139
0.000809
0.057777
0.053532
0.006757
-0.028595
-0.029323
0.020225
-0.032442
-0.016705
-0.050987
0.063295
0.094786
-0.064538
-0.054211
-0.002074
0.044153
0.023506
-0.036714
-0.005780
0.010017
0.016312
-0.096184
0.039276
0.122840
-0.037459
0.047553
0.080873
-0.054839
-0.086151
0.027329
-0.013110
-0.047529
0.043290
0.014244
-0.079565
-0.061469
0.025264
0.095264
-0.050368
0.133860
-0.054760
0.020379
-0.046314
0.008618
-0.008171
0.119233
0.165117
0.045547
-0.033067
0.059151
-0.013887
0.015799
-0.035999
0.085402
0.064321
-0.062291
-0.075602
0.005776
-0.012533
-0.002764
-0.058333
0.046315
0.026214
-0.077191
0.036858
0.086061
0.110509
0.100033
0.010324
-0.066960
0.027286
0.003585
0.033048
-0.071914
-0.079289
0.034318
-0.024574
-0.077720
0.090793
0.101697
-0.028515
-0.066182
-0.031179
0.044918
-0.054374
-0.020497
-0.123305
-0.036946
0.018983
-0.034122
0.035464
0.026046
-0.068993
-0.040697
0.021559
0.022964
0.039564
0.157966
-0.085511
0.025918
-0.094231
0.055740
-0.073456
-0.128786
0.031558
0.045614
0.032194
0.106326
0.002611
0.096943
0.041889
0.053111
-0.129794
0.041455
0.094056
-0.056471
-0.017450
-0.047969
-0.081713
-0.034439
-0.031806
0.019790
0.023323
0.039635
0.051018
0.037231
