-0.067278
0.057517
-0.104015
0.086898
-0.036161
-0.005007
0.026760
0.000651
0.047735
0.076473
0.021575
-0.085026
-0.000591
0.037486
-0.010979
0.045804
0.060364
0.015799
0.107852
-0.090873
-0.120622
-0.029027
-0.011331
0.068721
-0.015796
-0.041339
0.051221
0.100058
0.022795
0.111624
0.058078
0.093158
0.003041
-0.056770
0.094596
0.034603
-0.102273
-0.065247
-0.023698
-0.059622
-0.110440
0.021701
-0.023608
-0.044701
-0.127753
0.008668
0.076491
0.029437
-0.032442
-0.021913
-0.099979
-0.010059
-0.052732
-0.017572
0.018768
-0.068833
-0.003145
-0.010484
0.026944
0.024475
0.010143
0.072056
-0.021178
0.052519
-0.013837
0.020221
-0.008591
0.034419
0.021074
0.035529
0.054244
-0.017940
0.007969
-0.009831
0.073353
-0.039295
-0.122991
0.050689
-0.012547
-0.076259
0.042211
-0.019162
-0.008289
0.067137
0.113851
-0.041465
0.023467
0.080576
-0.105018
-0.057740
-0.030325
-0.061865
0.035885
-0.020932
-0.156231
0.221361
0.035967
0.040335
-0.008071
-0.110274
0.056385
-0.097517
0.006716
0.005611
0.053159
0.007497
-0.118141
-0.092886
-0.021050
-0.027683
-0.004884
0.106672
0.047137
-0.006239
-0.116298
0.063940
0.045009
0.027281
-0.015690
0.007587
-0.029265
0.021090
-0.059601
0.040808
-0.041001
-0.042893
-0.080582
-0.029368
0.041510
-0.111252
-0.003298
0.092697
-0.033571
-0.028704
-0.045801
-0.072249
-0.006370
-0.012354
0.039387
-0.091678
-0.037842
-0.061576
-0.040398
0.101260
-0.114384
-0.029848
-0.020025
-0.056541
-0.065561
-0.008497
0.005489
0.051364
0.044310
0.076206
-0.084397
-0.005934
-0.034711
0.039694
0.014275
0.116261
-0.108820
-0.030447
0.050978
-0.043141
0.075719
-0.026108
0.074554
-0.039421
-0.017393
-0.165713
0.032945
0.025106
-0.078086
0.026422
0.039648
0.007184
-0.044052
-0.034442
-0.069914
-0.014335
0.019105
-0.065887
-0.016947
0.046308
0.026181
0.048332
0.094206
-0.120921
-0.046183
-0.027700
0.112930
-0.028710
0.040116
0.005973
0.122361
0.048467
0.038322
0.037358
-0.003517
-0.057997
-0.010031
0.000428
0.058612
-0.034355
-0.080140
0.055035
-0.026825
-0.078998
-0.058936
0.035133
-0.065389
0.052716
0.081921
-0.105640
0.085818
-0.086913
-0.008742
0.073469
-0.001484
0.033030
0.002750
-0.008218
0.012799
-0.037631
0.142202
-0.032786
-0.135901
-0.041173
0.057344
-0.132116
0.019097
-0.037877
0.088483
-0.041590
-0.102403
0.095900
0.039536
0.057841
0.055720
-0.040660
0.005711
-0.035109
-0.020675
-0.031215
-0.021650
0.041365
-0.047345
0.036333
-0.108805
0.110989
0.080367
-0.023018
-0.100995
-0.080330
-0.030440
0.017296
0.129138
-0.007277
0.080033
-0.127308
-0.065312
0.095259
-0.076419
0.015298
0.012366
-0.054228
0.016492
-0.019905
-0.000330
0.017511
0.097013
0.015563
0.014433
-0.067883
-0.146965
-0.048480
0.055783
-0.062370
0.062044
0.002378
0.057075
0.011221
0.052957
0.010324
0.019435
-0.040101
0.066803
-0.109796
-0.051863
0.080362
0.083189
-0.122794
-0.075272
0.086673
0.076141
0.108701
0.026746
-0.006897
-0.008400
0.031340
-0.017336
0.080102
0.057381
-0.049503
0.111740
-0.060641
-0.032226
0.088832
-0.082557
-0.065159
0.080917
0.062985
-0.050660
-0.120850
0.080018
-0.009109
0.061118
0.065020
-0.006985
0.004699
-0.003727
-0.103734
-0.011804
-0.008543
-0.014592
0.006237
0.044895
0.040542
0.016531
0.155483
-0.045018
0.049485
0.028929
0.053969
-0.035109
0.056777
-0.036203
0.041583
0.073517
-0.042523
0.050731
0.080130
0.011807
0.013814
-0.027151
0.106157
-0.011329
-0.079174
-0.056773
-0.040746
-0.040601
0.057040
-0.110006
-0.091870
-0.061315
0.080912
-0.011364
-0.090731
-0.022849
-0.045305
-0.089623
-0.055468
-0.007875
-0.054632
-0.078987
0.030858
0.004666
-0.071979
0.139975
0.011823
0.057952
-0.002051
-0.118854
-0.017337
-0.126803
-0.048630
0.021623
0.055777
0.034583
0.028590
0.072871
0.058233
0.010550
0.027350
0.072718
-0.035692
0.079501
-0.028246
0.062639
-0.037823
-0.032361
-0.021131
0.098502
-0.088762
-0.111611
-0.094019
0.007727
0.035288
-0.083190
-0.015936
-0.016589
-0.011332
-0.007565
-0.089110
0.007220
0.013126
0.066601
-0.002181
0.050052
0.102427
-0.079930
0.033260
0.049907
-0.046770
-0.063533
0.057417
-0.002346
-0.098506
0.018449
0.184447
0.048009
0.024917
0.046217
0.076660
-0.084527
0.083245
-0.090104
0.020988
-0.092209
0.026984
-0.006627
0.065784
0.104395
0.091243
-0.083788
0.073363
0.006211
0.038242
0.018281
0.021749
0.029391
0.061287
-0.016555
-0.011416
-0.029027
0.005084
-0.072158
0.066574
-0.030161
-0.055461
0.069783
0.049207
0.010965
-0.041425
-0.043146
-0.043606
0.036627
0.003422
0.048765
-0.101028
-0.098902
0.042314
-0.089779
-0.090819
0.065653
0.019077
-0.051296
-0.080571
-0.044130
0.033499
0.002902
-0.044158
-0.065371
-0.024857
0.010200
0.008269
0.072556
0.017919
-0.048514
0.045242
-0.003860
-0.042855
0.085017
0.114735
-0.053619
-0.020660
-0.076088
0.001839
-0.096910
-0.078005
0.039505
0.073041
0.029298
0.020351
0.012804
0.075100
0.070612
0.071089
0.008361
0.028197
0.104098
-0.099103
-0.030645
-0.051612
-0.056498
-0.022413
-0.083435
-0.027872
0.042100
-0.034405
0.077078
0.079157
