-0.094992
0.069175
-0.107327
0.084360
-0.052739
-0.020788
0.051808
0.018911
0.074677
0.092652
0.016099
-0.065275
-0.004726
0.027338
-0.073329
0.083372
0.017488
-0.019420
0.057187
-0.078570
-0.101874
-0.000317
-0.015011
0.087451
-0.018222
-0.096274
0.002589
0.076268
0.010525
0.111733
0.077643
0.074178
0.079829
-0.045684
0.048551
0.030635
-0.129027
-0.078171
-0.024196
-0.078266
-0.106027
0.003754
0.004594
-0.009533
-0.135185
0.014070
0.054024
0.042708
-0.046976
-0.011662
-0.058653
0.016950
-0.022075
0.007023
0.041692
-0.076547
-0.055501
-0.028865
0.044001
0.031550
0.015998
0.091419
0.058419
0.022048
-0.035702
0.039411
-0.018761
0.034452
-0.006653
0.010482
-0.002897
-0.088890
0.012967
0.002635
-0.002533
0.035325
-0.061180
0.021202
0.050780
-0.006842
0.077479
0.056645
-0.043574
0.110888
0.108686
-0.083081
-0.003496
0.049101
-0.115043
-0.096066
-0.043672
-0.064564
0.056196
-0.029693
-0.156087
0.207216
0.034525
0.071308
0.028188
-0.145350
0.072015
-0.122252
-0.021890
0.064655
0.022548
0.027002
-0.099458
-0.059503
-0.025698
-0.077327
0.007115
0.058075
0.044386
-0.007880
-0.125727
0.090986
0.016905
0.044095
-0.021054
-0.025920
-0.010581
0.047125
-0.017075
0.015777
-0.036489
-0.037265
-0.035515
-0.085603
0.051127
-0.089576
0.033511
0.079866
-0.035359
-0.023973
-0.049171
-0.109544
-0.010393
0.021608
-0.022571
-0.079175
-0.040662
-0.070993
-0.030213
0.121857
-0.104395
0.009593
-0.026126
-0.019135
-0.043198
-0.043055
-0.045561
0.101051
0.021848
0.033336
-0.054013
0.057780
0.005460
0.091379
0.018296
0.116237
-0.076383
-0.066878
0.025501
-0.009924
0.083852
-0.037965
0.079378
-0.094101
0.002637
-0.095918
0.014187
0.023485
-0.079249
0.070391
0.045495
0.022914
-0.038253
-0.002371
-0.000812
0.011453
0.006581
-0.064234
0.030136
0.050253
0.038528
0.023551
0.027489
-0.059514
-0.042072
-0.079009
0.057146
0.008001
0.016233
-0.004964
0.118453
-0.002129
0.003693
0.007152
0.045668
-0.022571
-0.044608
0.033602
0.059793
0.010596
-0.053805
-0.030526
-0.107676
-0.068174
-0.064809
0.045336
-0.089081
0.018892
0.124545
-0.090788
0.023069
-0.043251
0.005030
0.081754
0.000686
0.056249
0.023345
0.054646
0.065699
-0.064005
0.119087
-0.004993
-0.085670
-0.073721
0.006581
-0.153686
-0.045297
-0.014580
0.066203
-0.012556
-0.129168
0.117268
0.056472
0.028618
0.048199
-0.041727
0.011287
-0.023706
-0.035947
-0.026577
-0.028500
0.073146
-0.057313
0.050255
-0.099312
0.098490
0.068139
-0.024642
-0.065435
-0.099203
-0.034337
0.031209
0.154728
-0.076745
0.134429
-0.093516
-0.042231
0.058103
-0.045786
0.019620
0.001953
-0.042843
0.029406
-0.022035
-0.005185
-0.045800
0.079301
-0.036290
0.069583
-0.053075
-0.103538
0.008897
0.039467
0.011955
0.054024
0.045202
0.010696
0.019830
0.053980
0.030140
0.072242
0.015037
0.103528
-0.137125
-0.037140
0.090802
0.047167
-0.071482
0.003509
0.064748
0.055673
0.100932
0.033407
-0.044288
-0.050663
0.043611
-0.028706
0.061161
0.094246
-0.034316
0.096733
-0.089804
-0.033823
0.030296
-0.011103
-0.078114
0.105802
0.057754
-0.044427
-0.037579
0.091266
-0.013519
0.015436
0.108781
-0.016952
0.039503
-0.008870
-0.147349
-0.005043
0.018841
-0.003066
0.002514
0.034326
0.036638
0.087373
0.143427
0.006785
-0.016974
0.018993
0.069356
-0.043738
0.038399
0.002108
0.067062
0.050332
-0.109987
0.046171
0.092383
0.003118
-0.047363
-0.006409
0.081200
-0.031833
-0.078133
-0.050344
-0.115097
0.024912
0.107646
-0.108522
-0.069873
-0.069642
0.065229
-0.037942
-0.007662
0.018974
-0.033158
-0.082211
-0.026681
0.024046
-0.091240
-0.093654
0.036069
-0.006080
-0.023337
0.103307
-0.046116
0.066075
-0.014945
-0.090171
-0.024907
-0.061436
-0.037568
0.006359
0.051274
0.027103
0.016144
0.096575
0.044591
0.024938
-0.083483
0.044786
-0.015356
0.069850
-0.029675
0.063058
-0.004254
-0.038437
-0.013698
0.100834
-0.050603
-0.126084
-0.094585
0.038609
0.064898
-0.082013
-0.053579
-0.001448
0.050390
0.017278
-0.054329
0.014335
-0.005852
0.024699
-0.004562
0.056580
0.159182
-0.068404
0.044753
0.073499
-0.030956
-0.076540
0.037403
0.009243
-0.105899
0.007269
0.136852
-0.015139
-0.014784
0.044280
0.090957
-0.069082
0.098186
-0.067965
0.069909
-0.122394
0.043486
-0.003991
0.080848
0.112810
0.083334
-0.060910
0.041554
0.032813
0.027490
-0.013585
-0.006165
0.042767
0.024028
-0.022975
0.004488
-0.031742
-0.019707
-0.071014
0.060244
0.016167
-0.058935
0.059900
0.039566
0.074458
-0.004564
-0.045401
-0.042956
0.031622
0.022699
0.029216
-0.058978
-0.127400
-0.001566
-0.046386
-0.135891
0.092857
0.041938
-0.051619
-0.096101
-0.042746
0.025601
0.036160
-0.020118
-0.076326
-0.075502
0.014147
-0.022973
0.052955
0.040084
-0.062300
0.004637
0.002816
-0.018392
0.025136
0.120095
-0.063257
-0.025572
-0.078704
0.040974
-0.069498
-0.109214
0.048041
0.062963
-0.013537
0.041488
0.006507
0.080937
0.027169
0.093758
-0.031356
-0.019316
0.101668
-0.059285
0.005320
-0.041770
-0.102511
-0.019009
-0.060051
-0.061258
0.026682
-0.039315
0.068243
0.144632
