-0.091893
0.049493
-0.122898
0.075162
-0.016785
-0.027282
0.039418
-0.026461
0.079971
0.098856
-0.023586
-0.050289
0.035149
0.035808
-0.069373
0.050781
0.008734
0.005694
0.073197
-0.108760
-0.109122
-0.025397
-0.032840
0.088974
0.011718
-0.066565
0.033584
0.067816
0.038563
0.142844
0.111787
0.107098
0.060805
-0.082838
0.067805
-0.015482
-0.082386
-0.069115
-0.014799
-0.052390
-0.113366
0.036260
-0.012590
-0.070054
-0.132901
0.006649
0.057009
0.008393
-0.029630
0.007405
-0.052300
0.005079
-0.037850
0.007005
0.003124
-0.060860
-0.058501
-0.039983
0.060325
0.042728
0.047701
0.106191
0.015366
0.025319
-0.058929
0.036958
-0.046677
0.037306
-0.018276
0.009003
-0.014793
-0.058308
0.009940
0.021412
0.044656
0.001901
-0.083777
0.033058
0.001664
-0.009473
0.027875
0.026967
-0.053858
0.098875
0.126502
-0.033267
0.011532
0.037605
-0.104986
-0.081163
-0.052316
-0.087433
0.050500
-0.023723
-0.168549
0.225315
0.025468
0.064319
0.044586
-0.133988
0.099122
-0.127675
0.013134
0.080177
0.024084
0.027970
-0.108524
-0.040358
-0.026657
-0.031212
0.004778
0.037883
0.056130
-0.001415
-0.113862
0.057398
0.055049
0.024065
-0.025491
0.002895
-0.030669
0.014880
0.004392
0.029093
-0.059976
-0.036657
-0.048365
-0.063814
0.031486
-0.124885
0.030508
0.076377
-0.048250
-0.043104
-0.026771
-0.094525
-0.007810
0.026402
-0.039263
-0.070579
-0.001931
-0.046006
-0.048025
0.127444
-0.133230
-0.006164
0.010387
-0.034396
-0.060428
-0.075891
-0.020261
0.054877
0.023775
0.032787
-0.092669
0.034647
-0.017087
0.074056
0.019317
0.157684
-0.089582
-0.091226
0.043743
-0.022370
0.065709
0.002452
0.068355
-0.071346
0.008046
-0.111424
0.015085
0.032348
-0.061044
0.077477
0.039916
-0.002587
-0.016334
-0.054193
-0.010696
0.016302
0.012216
-0.026892
-0.015299
0.043366
0.022226
0.012877
0.027739
-0.068026
-0.024330
-0.059765
0.092503
-0.017792
0.031976
-0.012495
0.162914
0.033483
0.006405
-0.004738
0.027286
-0.003021
-0.041828
0.040108
0.050404
-0.014368
-0.080450
-0.033702
-0.103181
-0.058978
-0.038365
0.037206
-0.086622
0.009865
0.139945
-0.040302
0.041579
-0.043404
0.007963
0.073155
-0.019382
0.028844
0.009156
0.076650
0.059938
-0.097971
0.080008
-0.049882
-0.083273
-0.057464
0.024595
-0.138118
0.002749
-0.000469
0.081917
-0.012726
-0.113274
0.098161
0.068937
0.043876
0.062366
-0.044597
0.010372
-0.027664
-0.020776
-0.013043
-0.005623
0.022957
-0.031083
0.010457
-0.092639
0.044959
0.064887
-0.032019
-0.062219
-0.091990
-0.005939
0.067251
0.124090
-0.023547
0.058338
-0.089825
-0.064671
0.053001
-0.049927
0.023843
0.009612
-0.035451
-0.018829
0.006494
0.022597
-0.036997
0.094292
-0.025903
0.075655
-0.054378
-0.090160
0.000736
0.069211
-0.065934
0.072156
0.015552
-0.002372
0.009598
0.026551
-0.009283
0.038701
-0.007397
0.081465
-0.092515
-0.048958
0.104559
0.047618
-0.085102
-0.033252
0.068624
0.060362
0.116254
0.030492
0.002308
0.011797
0.043087
-0.037833
0.062168
0.107149
-0.010031
0.117993
-0.074730
-0.036854
0.062013
-0.022796
-0.085444
0.083928
0.075849
-0.037001
-0.045062
0.086194
-0.007449
0.067368
0.061564
-0.008122
0.024154
-0.035320
-0.163035
0.020433
-0.022150
-0.014304
0.032219
0.061805
0.022692
0.070313
0.151097
-0.028821
0.048189
0.071053
0.059964
-0.032572
0.024504
-0.012594
0.053750
0.080568
-0.100857
0.029253
0.065924
0.037407
-0.070936
-0.045090
0.118475
-0.003046
-0.088762
-0.067418
-0.097374
0.011175
0.040193
-0.108783
-0.036503
-0.069385
0.064250
-0.006088
-0.053499
0.011041
-0.040991
-0.077504
-0.040303
-0.033185
-0.086905
-0.073964
0.015027
-0.016672
-0.011843
0.105779
-0.016104
0.054508
-0.046375
-0.101907
-0.011637
-0.064379
-0.022639
0.001168
0.046590
0.043338
-0.007610
0.086526
0.078132
0.009468
-0.028653
0.047499
-0.023702
0.061021
0.022989
0.077486
-0.009926
-0.016751
-0.039118
0.086358
-0.079666
-0.074636
-0.085802
0.055366
0.013066
-0.086888
-0.037047
-0.026903
0.022043
-0.000096
-0.076390
0.006342
0.015095
0.071381
-0.038495
0.054089
0.155973
-0.069441
0.045664
0.052643
-0.055218
-0.089425
0.059187
0.021117
-0.066724
-0.004691
0.138824
-0.010503
0.006052
0.037588
0.094804
-0.080688
0.119520
-0.105465
0.034428
-0.119772
0.019380
-0.016686
0.062191
0.128811
0.079854
-0.063187
0.083887
-0.029109
0.032001
0.021593
0.045930
0.010863
0.017988
-0.017775
-0.025417
-0.018055
0.028234
-0.083110
0.066038
-0.023473
-0.085488
0.058039
0.068241
0.066066
0.034581
-0.044052
-0.049382
0.041466
0.060117
0.039466
-0.093060
-0.130386
0.021702
-0.096563
-0.104084
0.091873
0.032923
-0.051363
-0.089093
-0.047543
0.033652
0.043966
-0.041896
-0.081866
-0.043389
0.013193
-0.021477
0.053341
0.016005
-0.060961
0.034949
-0.015501
-0.031087
0.047507
0.132237
-0.070795
-0.029049
-0.089097
0.034950
-0.078550
-0.125563
0.036257
0.060849
0.049500
0.033110
0.013241
0.072091
0.064237
0.072744
-0.051240
-0.033801
0.111928
-0.085682
-0.016099
-0.045054
-0.089908
-0.042969
-0.062337
-0.037310
0.034625
-0.026117
0.073007
0.109823
