-0.066882
0.063737
-0.115753
0.088675
-0.034292
-0.017915
0.043657
-0.008928
0.078366
0.084013
0.008164
-0.089503
-0.002463
0.037262
-0.028907
0.063112
0.043599
0.021586
0.104376
-0.105582
-0.114928
-0.033717
-0.031161
0.082322
-0.005800
-0.065794
0.053245
0.086050
0.038580
0.140386
0.075703
0.109469
0.006898
-0.069174
0.094149
0.026184
-0.101327
-0.054256
-0.009831
-0.040218
-0.105820
0.040447
-0.027228
-0.064596
-0.132454
0.006501
0.084473
0.004663
-0.027236
-0.003146
-0.094943
-0.013227
-0.045963
-0.012582
0.010381
-0.056099
-0.019753
-0.011160
0.043281
0.044239
0.041699
0.072659
-0.016637
0.054548
-0.022691
0.019960
-0.051353
0.048925
0.005050
0.020393
0.038905
-0.019267
0.008149
-0.005648
0.070622
-0.048794
-0.107827
0.042628
0.004888
-0.067283
0.035815
-0.015534
-0.036077
0.084037
0.107882
-0.048509
-0.000834
0.060844
-0.117785
-0.055834
-0.050432
-0.075089
0.050648
-0.002517
-0.154640
0.218523
0.033584
0.055888
0.010620
-0.104763
0.095357
-0.126259
0.020246
0.041578
0.054327
0.030305
-0.116726
-0.070255
-0.023650
-0.005495
-0.002368
0.072169
0.045481
-0.017639
-0.121833
0.061699
0.041803
0.022782
-0.017354
0.015783
-0.036191
0.033485
-0.019121
0.038018
-0.045308
-0.042383
-0.061670
-0.041301
0.055228
-0.124484
0.017650
0.081950
-0.035861
-0.046005
-0.060921
-0.091238
-0.010570
0.004136
0.012007
-0.080843
-0.029280
-0.058623
-0.064511
0.109794
-0.136179
-0.009662
0.000384
-0.078250
-0.047988
-0.050749
-0.001157
0.037518
0.021169
0.075152
-0.084043
-0.016628
-0.017040
0.046439
0.040577
0.147056
-0.101313
-0.041749
0.031341
-0.040819
0.071303
-0.004936
0.061813
-0.040545
-0.012702
-0.155654
0.013322
0.008814
-0.068385
0.050799
0.032574
-0.004413
-0.024259
-0.055755
-0.051333
-0.001700
0.016230
-0.030718
-0.006020
0.042559
0.013102
0.016636
0.070008
-0.106476
-0.059723
-0.028806
0.104732
-0.024151
0.030365
-0.000110
0.143369
0.046496
0.046109
0.028636
0.004996
-0.045956
-0.017254
-0.004815
0.073804
-0.019438
-0.093696
0.037095
-0.044044
-0.073859
-0.031572
0.014395
-0.052502
0.056840
0.089820
-0.080913
0.077283
-0.067649
0.016155
0.081027
-0.019337
0.028404
0.012337
0.028819
0.032729
-0.060018
0.111400
-0.052588
-0.116377
-0.043148
0.043460
-0.120796
0.001563
-0.031896
0.081131
-0.033632
-0.101731
0.092345
0.054043
0.052988
0.044518
-0.040280
0.014895
-0.023931
-0.012157
0.003958
-0.033107
0.044110
-0.057950
0.004192
-0.096663
0.078670
0.069547
-0.025355
-0.078073
-0.103107
-0.017011
0.042469
0.121088
-0.020510
0.089901
-0.096482
-0.061948
0.059718
-0.065655
0.052063
-0.001544
-0.038467
-0.018339
0.004493
0.026473
0.008246
0.094620
0.005166
-0.000688
-0.060403
-0.121507
-0.001390
0.070497
-0.060566
0.064183
0.019520
0.034433
0.013273
0.039876
0.005506
0.035073
-0.005050
0.053333
-0.099209
-0.054768
0.095027
0.075907
-0.121010
-0.048524
0.105910
0.057329
0.089770
0.029223
-0.004774
-0.010984
0.028019
-0.017907
0.068531
0.062247
-0.014691
0.132531
-0.063825
-0.034962
0.074063
-0.035824
-0.078387
0.058200
0.065475
-0.053719
-0.114885
0.083289
-0.040322
0.070011
0.069450
-0.008738
0.021754
-0.032882
-0.100794
-0.033052
-0.015448
-0.040606
0.006547
0.048441
0.023258
0.045809
0.143906
-0.029844
0.054448
0.057529
0.087662
-0.030948
0.067237
-0.005552
0.041144
0.080691
-0.066527
0.029885
0.089290
0.036077
-0.037211
-0.016502
0.099409
-0.013036
-0.094167
-0.035697
-0.067018
0.002937
0.038974
-0.105093
-0.101420
-0.053428
0.068419
0.000789
-0.082218
0.004828
-0.043453
-0.102059
-0.060149
-0.014605
-0.063423
-0.072715
0.059329
-0.001866
-0.070185
0.135205
0.014420
0.030685
-0.029366
-0.099840
0.000314
-0.093606
-0.030019
0.037471
0.043852
0.025564
0.021639
0.069958
0.064887
0.019422
-0.000738
0.056265
-0.037114
0.091971
-0.006431
0.099055
-0.026270
-0.025237
0.015920
0.090650
-0.100653
-0.103697
-0.087670
0.021314
0.037063
-0.092600
-0.038102
-0.023576
-0.012039
-0.008499
-0.080508
0.007258
0.022594
0.077579
0.009521
0.051671
0.103990
-0.071816
0.024952
0.060139
-0.062780
-0.070160
0.065105
-0.009082
-0.096353
-0.004811
0.149515
0.032092
-0.014643
0.047347
0.097074
-0.083296
0.111958
-0.085720
0.044638
-0.089214
0.009519
-0.000232
0.076491
0.119879
0.084157
-0.069516
0.078222
-0.015276
0.039155
0.014089
0.036147
0.047856
0.055796
-0.028416
-0.030641
-0.021713
0.017190
-0.074814
0.067524
-0.023700
-0.075263
0.060143
0.078860
0.040309
-0.001868
-0.058370
-0.037213
0.043032
0.016931
0.043258
-0.120281
-0.104408
0.022685
-0.092268
-0.102206
0.063570
0.056127
-0.050029
-0.085001
-0.046802
0.029199
0.019622
-0.043064
-0.055342
-0.088254
0.018503
-0.008954
0.057873
0.046108
-0.032336
0.027951
-0.017818
-0.039969
0.070369
0.121536
-0.072439
-0.056502
-0.097463
0.038082
-0.108253
-0.091699
0.023211
0.057304
0.019788
0.031741
0.009233
0.076732
0.065963
0.064377
-0.011124
0.029488
0.114063
-0.074792
-0.032976
-0.051042
-0.068105
-0.038231
-0.070753
-0.030621
0.042202
-0.057888
0.075199
0.094114
