-0.095384
0.077825
-0.098843
0.050937
-0.070176
-0.017673
0.011065
0.023720
0.084050
0.109570
-0.025668
-0.067613
0.048379
0.046933
-0.056694
-0.005267
0.027946
-0.016364
0.058652
-0.086987
-0.098283
-0.043556
-0.018350
0.074521
0.009574
-0.056007
0.029339
0.078923
0.017649
0.118355
0.071919
0.059526
0.090068
-0.049208
0.047037
-0.022690
-0.039721
-0.078180
0.005813
-0.073797
-0.128172
0.014157
0.015266
-0.041395
-0.092154
0.003200
0.004232
0.053068
-0.095917
-0.015033
-0.000294
0.059146
-0.056899
-0.005278
-0.039980
-0.071709
-0.038835
-0.091942
0.045443
-0.000350
-0.004814
0.079175
-0.009927
0.009246
-0.044756
0.043333
0.020325
-0.008762
-0.017861
-0.014011
0.003380
-0.020529
0.037020
0.041800
0.026799
0.041472
-0.054408
0.041596
-0.028266
0.010509
0.015364
0.018461
-0.022000
0.065480
0.100126
-0.007895
0.064119
-0.000976
-0.104688
-0.062720
-0.057952
-0.114988
0.018344
-0.030926
-0.167151
0.231925
0.019880
0.020473
0.066495
-0.134861
0.061824
-0.103601
-0.032904
0.084656
0.042114
0.030157
-0.122579
0.004381
-0.085901
-0.045808
0.026796
0.045998
0.034732
0.002868
-0.098992
0.040692
0.092065
0.064520
-0.021523
0.014178
-0.003981
-0.023732
-0.013822
0.023402
-0.021896
-0.006746
-0.048377
-0.042580
0.039187
-0.098202
-0.038966
0.093429
-0.072803
-0.000569
0.029936
-0.033692
0.041738
0.018420
-0.057795
-0.100508
0.022180
-0.076837
0.009996
0.126988
-0.111188
-0.015649
0.005109
0.005871
-0.105574
-0.071204
-0.018391
0.073234
0.060105
0.025941
-0.110463
0.057247
-0.038749
0.067682
-0.022425
0.170386
-0.111228
-0.114644
0.073535
-0.036280
0.064255
-0.043814
0.037462
-0.102587
0.026971
-0.099520
0.023086
0.041834
-0.086647
0.070934
0.024797
0.041959
0.004722
-0.037231
0.024427
-0.015531
0.008122
-0.039600
-0.036125
0.016170
0.054259
0.053406
0.002844
-0.069960
0.008162
-0.052329
0.102915
-0.048449
0.055226
-0.021743
0.163394
0.068404
0.001569
-0.028791
0.051938
-0.037460
-0.049737
0.047235
0.041347
-0.035181
-0.083030
-0.049152
-0.090341
-0.058586
-0.020825
0.070194
-0.088000
-0.039397
0.119185
-0.063840
0.058955
-0.024357
0.030774
0.053097
0.018294
0.067755
0.000261
0.097918
0.043838
-0.091516
0.082478
-0.036706
-0.111830
-0.069625
-0.002648
-0.115052
0.012603
-0.013574
0.082772
-0.015006
-0.054288
0.084266
0.077811
0.000196
0.048630
-0.047523
0.018534
-0.000785
-0.051220
-0.081048
-0.012793
0.019038
0.018496
0.036543
-0.075890
0.066758
0.072726
-0.033103
-0.095379
-0.080488
-0.050752
0.030452
0.111094
-0.023652
0.039037
-0.112966
-0.052913
0.082829
-0.024843
0.007752
-0.004087
-0.040528
-0.029236
-0.008880
-0.004957
0.005585
0.063045
-0.010613
0.084280
-0.051497
-0.139641
-0.006124
0.058949
-0.026239
0.084057
0.010942
-0.016791
-0.003402
0.024771
0.052375
0.033477
0.033343
0.063865
-0.089972
-0.051495
0.081773
0.076238
-0.078687
-0.090588
0.092863
0.075884
0.079149
0.043821
0.018828
0.019596
0.023775
-0.047675
0.060571
0.087495
-0.017219
0.135082
-0.086840
-0.030229
0.078081
-0.037858
-0.092808
0.087360
0.066025
-0.035958
-0.084518
0.130713
-0.011604
0.026402
0.053820
-0.024916
0.021914
-0.000457
-0.157348
-0.021347
-0.006980
-0.032477
0.030978
0.066872
0.049624
0.078851
0.097341
-0.057917
0.034949
0.049491
0.036510
-0.054434
0.039156
-0.038379
0.062882
0.071389
-0.075990
0.059222
0.120929
-0.006292
-0.039071
-0.069384
0.107620
-0.062521
-0.079543
-0.062078
-0.092530
0.003012
0.082822
-0.112428
-0.025723
-0.049724
0.066439
-0.016275
-0.092190
-0.001583
-0.030403
-0.066147
-0.054823
-0.039570
-0.068094
-0.088226
-0.034131
-0.037715
-0.023639
0.111309
-0.032344
0.026589
-0.035365
-0.122945
-0.014979
-0.066510
-0.027814
0.026051
0.050724
0.051356
-0.019819
0.026515
0.096363
-0.018533
0.013622
0.050761
-0.046953
0.038219
0.027401
0.034362
-0.006218
-0.054279
-0.021419
0.075919
-0.085408
-0.094444
-0.105779
0.018300
-0.008228
-0.082483
-0.042971
0.001439
0.022531
0.002632
-0.117282
0.003992
0.006969
0.029555
-0.064130
0.058783
0.163678
-0.072245
0.050704
0.041554
-0.038081
-0.025766
0.069432
0.028135
-0.054798
0.002952
0.134248
0.002175
0.035234
0.044903
0.078942
-0.039903
0.110801
-0.084991
0.011504
-0.140962
0.027504
0.026204
0.061005
0.081563
0.039240
-0.061039
0.064940
-0.018818
0.022590
0.028510
0.006555
0.008812
-0.013048
-0.020900
0.007501
-0.019744
-0.036769
-0.067911
0.055335
-0.023902
-0.070106
0.054711
0.081195
0.029685
-0.016107
-0.016169
-0.075609
0.034597
0.056975
0.033202
-0.091138
-0.123397
0.022084
-0.098780
-0.107782
0.101890
0.030299
-0.059223
-0.083664
-0.049589
0.019132
-0.005867
-0.029328
-0.114203
-0.036062
0.010631
-0.014736
0.055204
0.018826
-0.024974
0.052057
0.001477
-0.006505
0.053154
0.156809
-0.088772
-0.011107
-0.063205
0.020663
-0.071299
-0.129092
0.046328
0.072665
0.009354
0.046747
0.007106
0.084883
0.066603
0.068206
-0.074997
-0.014418
0.109226
-0.049582
-0.034973
-0.049443
-0.106534
-0.022386
-0.062917
-0.005133
0.023632
-0.055897
0.067075
0.107940
