-0.075927
0.028599
-0.098052
0.111236
-0.011090
-0.042330
0.065581
-0.037663
0.052157
0.088727
0.034378
-0.065519
-0.017288
0.009556
-0.084307
0.082130
0.031104
-0.011656
0.092004
-0.082512
-0.112342
0.024626
-0.003875
0.108363
-0.047588
-0.033100
0.004186
0.050016
0.017510
0.130505
0.080939
0.108306
0.033410
-0.073630
0.079094
0.069873
-0.146892
-0.070977
-0.051452
-0.082374
-0.062672
0.005021
-0.018752
-0.056995
-0.107732
0.015110
0.097981
-0.004608
-0.019793
-0.012635
-0.082916
-0.038763
-0.032680
0.025440
0.063369
-0.070866
-0.049297
0.045419
0.067099
0.047344
0.020475
0.087491
0.073662
0.054093
-0.075666
-0.000049
-0.057579
0.078773
0.018767
0.044028
0.035283
-0.079878
-0.017063
-0.021910
0.017054
-0.000907
-0.081245
0.012141
0.076259
-0.020058
0.066715
0.035244
-0.038725
0.099657
0.083923
-0.083146
-0.016460
0.064610
-0.110618
-0.037282
-0.036112
-0.055679
0.030834
-0.072759
-0.122833
0.200281
0.011965
0.055612
-0.013272
-0.115807
0.060657
-0.137054
-0.005272
0.029981
-0.006897
0.020432
-0.098281
-0.103620
0.011875
-0.010174
-0.008959
0.088687
0.032330
-0.003951
-0.132541
0.070677
-0.009683
0.013923
-0.055815
-0.038334
-0.021160
0.049527
-0.044097
0.009134
-0.026871
-0.057228
-0.037933
-0.054753
0.038475
-0.063003
0.049990
0.060551
-0.015905
-0.054441
-0.067360
-0.138555
-0.045941
-0.005984
0.035687
-0.062059
-0.073994
-0.064825
-0.056448
0.105132
-0.079304
-0.026651
0.008231
-0.037754
0.016537
-0.037635
-0.025352
0.059340
0.008174
0.047584
-0.047282
-0.011577
0.005532
0.043722
0.072498
0.096097
-0.083797
-0.031977
0.038669
-0.019549
0.054305
0.008755
0.090670
-0.082612
-0.016515
-0.109191
0.014856
0.009369
-0.082224
0.042117
0.082284
0.037736
-0.073379
-0.017096
-0.036262
0.037310
0.050960
-0.062082
0.041062
0.023935
0.021509
-0.034260
0.077463
-0.072247
-0.065064
-0.057928
0.027118
0.011233
0.014033
0.039271
0.086868
0.007869
0.001561
0.044998
0.035077
-0.048857
-0.036135
0.055043
0.055919
0.010680
-0.051707
0.003425
-0.069137
-0.109626
-0.085973
0.011535
-0.075358
0.053454
0.093742
-0.096568
0.052242
-0.055704
-0.030304
0.091493
-0.012281
0.043194
-0.002824
0.029020
0.038903
-0.062639
0.106021
0.014582
-0.078216
-0.056109
0.018213
-0.160083
-0.019411
-0.013624
0.070490
-0.044953
-0.124249
0.108534
0.032596
0.065936
0.041287
-0.058235
-0.037107
-0.061517
-0.057058
0.017631
-0.036618
0.067308
-0.071029
0.056677
-0.117644
0.103429
0.070465
-0.018615
-0.049946
-0.065595
-0.053109
0.021070
0.095107
-0.041163
0.120059
-0.002187
-0.063679
0.037646
-0.026259
0.087898
-0.021515
-0.041630
-0.030366
0.006602
0.026246
-0.064732
0.146765
-0.081636
0.030218
-0.063594
-0.077012
0.044806
0.052754
-0.059703
0.057670
0.037684
-0.014820
0.040674
0.044777
-0.040665
0.051313
-0.031344
0.112766
-0.060757
-0.057870
0.114090
0.020087
-0.051735
0.030792
0.036512
0.011023
0.094421
0.031200
0.022485
-0.012950
0.044221
-0.035271
0.064400
0.089441
0.024142
0.124422
-0.063771
-0.040752
0.010504
-0.032599
-0.076576
0.029409
0.080178
-0.009123
0.022719
0.017817
0.002708
0.086157
0.070439
-0.029211
0.059099
-0.090748
-0.115601
0.029016
0.041175
-0.023929
-0.002244
0.055342
-0.001226
0.103523
0.162919
0.007685
0.053298
0.063581
0.009700
-0.026079
0.025679
0.006393
0.019693
0.059182
-0.119595
0.011626
0.027929
0.018876
-0.076679
0.036437
0.062303
-0.015319
-0.087218
-0.062812
-0.090890
0.015317
0.039736
-0.101967
-0.035095
-0.100237
0.069285
-0.005673
0.030492
0.056086
-0.047349
-0.161332
-0.018964
0.000664
-0.105989
-0.115693
0.066786
0.005324
0.009043
0.094260
0.003868
0.029182
-0.032925
-0.059789
0.013178
-0.031207
-0.015601
-0.011015
0.060498
-0.000913
-0.021610
0.100587
0.031700
0.033427
-0.058164
0.049065
0.002689
0.019007
0.007468
0.085416
-0.027348
-0.026602
0.021401
0.048329
-0.030466
-0.043915
-0.076185
0.084084
0.047120
-0.089522
-0.012853
-0.037841
0.057123
-0.018786
-0.031306
-0.007395
-0.032406
0.020838
-0.033710
0.049477
0.142629
-0.062268
0.060109
0.040842
-0.058806
-0.135138
0.038809
-0.017628
-0.034394
-0.031920
0.052943
-0.033367
-0.062675
0.021526
0.119596
-0.098672
0.085181
-0.069783
0.052672
-0.064694
0.056036
-0.108724
0.115192
0.123004
0.095129
-0.066483
0.087254
-0.002073
0.045402
0.012636
0.054588
0.058286
-0.045057
-0.016509
-0.036843
-0.086160
0.050269
-0.088600
0.075669
-0.004582
-0.091826
0.066768
0.043828
0.077095
0.015538
-0.091918
-0.053120
0.052328
0.063071
0.043214
-0.109832
-0.099023
0.026833
-0.061519
-0.092939
0.046011
0.069449
-0.040935
-0.096130
-0.038343
0.040161
0.059732
-0.038366
-0.046241
-0.086070
-0.004085
-0.042954
0.063926
0.031301
-0.086528
-0.026319
0.005931
-0.051429
0.072238
0.098099
-0.050803
-0.074743
-0.116312
0.041442
-0.093406
-0.115454
0.011567
0.038410
0.049212
0.035783
0.020772
0.077453
0.023622
0.077265
-0.085597
0.038074
0.067762
-0.071233
0.069380
-0.053749
-0.085259
-0.051735
-0.067096
-0.035152
0.036252
0.007840
0.079853
0.088121
