-0.089328
0.064006
-0.108269
0.080643
-0.037857
-0.036144
0.043982
0.005969
0.084961
0.103038
0.002813
-0.059421
0.008957
0.018573
-0.075636
0.058870
0.004570
-0.023883
0.063278
-0.098232
-0.093119
-0.000910
-0.013663
0.089699
-0.012272
-0.089244
0.003583
0.074909
0.016833
0.128948
0.095799
0.075373
0.088316
-0.057866
0.048995
0.022794
-0.110582
-0.086304
-0.016428
-0.083686
-0.109721
0.003687
0.006677
-0.028925
-0.129742
0.001094
0.050076
0.036451
-0.055174
-0.013386
-0.040226
0.030789
-0.031750
0.010876
0.025907
-0.077080
-0.065509
-0.045701
0.042046
0.027409
0.020613
0.087812
0.056959
0.018431
-0.054614
0.033689
-0.022850
0.041836
-0.013818
0.008064
-0.010333
-0.080517
0.021917
0.014508
-0.002518
0.031963
-0.057341
0.025810
0.039235
0.004238
0.064729
0.049101
-0.049175
0.100223
0.104782
-0.066860
0.018960
0.035475
-0.113564
-0.089130
-0.050645
-0.076843
0.046176
-0.032657
-0.161501
0.225444
0.026500
0.057517
0.043382
-0.140337
0.082565
-0.129039
-0.015227
0.088117
0.014936
0.026557
-0.103369
-0.042538
-0.028597
-0.067197
0.012203
0.047655
0.047275
-0.000403
-0.122265
0.074932
0.042605
0.057192
-0.030469
-0.029095
-0.012481
0.035098
-0.014947
0.016257
-0.035920
-0.033655
-0.032299
-0.076857
0.047982
-0.093441
0.016707
0.080657
-0.051398
-0.009889
-0.034954
-0.097931
-0.005361
0.023701
-0.040910
-0.081572
-0.024134
-0.065581
-0.035768
0.128363
-0.108448
0.001975
-0.017986
-0.012526
-0.056604
-0.053979
-0.037282
0.092316
0.020561
0.032233
-0.074483
0.058041
0.001247
0.083863
0.024114
0.128885
-0.087871
-0.086370
0.038939
-0.011925
0.080443
-0.019090
0.074429
-0.092936
0.008561
-0.082830
0.014027
0.019009
-0.087769
0.068999
0.041557
0.026052
-0.037867
-0.011013
0.007708
0.017579
0.004089
-0.053680
0.025431
0.037394
0.048289
0.020816
0.012275
-0.057832
-0.034435
-0.075245
0.063643
-0.003662
0.028872
-0.012495
0.130930
0.016756
-0.005629
-0.002656
0.061973
-0.016786
-0.045870
0.056258
0.056947
0.005973
-0.062805
-0.041111
-0.104342
-0.066497
-0.049227
0.037328
-0.096903
0.006903
0.131748
-0.082568
0.023235
-0.034545
0.003560
0.073708
0.001499
0.063548
0.022223
0.074223
0.061457
-0.082815
0.101307
-0.007600
-0.078001
-0.082875
-0.001693
-0.156199
-0.028629
-0.011066
0.071512
-0.012783
-0.110176
0.111515
0.054794
0.025788
0.049272
-0.042965
0.010767
-0.023525
-0.037155
-0.032412
-0.019208
0.058825
-0.049868
0.049914
-0.098514
0.087210
0.066192
-0.034396
-0.061067
-0.085118
-0.035385
0.050924
0.114769
-0.072417
0.084288
-0.077680
-0.052077
0.059685
-0.050767
0.012209
-0.001977
-0.042253
0.021162
0.010423
0.045642
-0.050229
0.091714
-0.055250
0.090375
-0.056951
-0.061709
0.019070
0.070168
-0.013396
0.071268
0.039714
-0.005830
0.021002
0.042404
0.024071
0.066968
0.020450
0.085584
-0.090883
-0.046509
0.095221
0.020349
-0.032521
-0.033812
0.030043
0.053513
0.104280
0.043075
0.010406
-0.012245
0.048610
-0.057170
0.062202
0.107078
-0.030942
0.103524
-0.092883
-0.040377
0.049674
0.002758
-0.070726
0.115358
0.056908
-0.038485
-0.017398
0.091905
0.014280
0.020487
0.109379
-0.030413
0.041660
-0.026525
-0.171526
-0.004838
-0.007891
0.008748
0.023293
0.075038
0.005409
0.109005
0.130650
-0.013683
-0.000946
0.056912
0.023497
-0.043031
0.025804
-0.026516
0.082820
0.074689
-0.112289
0.049153
0.098029
0.009181
-0.081900
-0.036058
0.096291
-0.009760
-0.098566
-0.072191
-0.119497
0.046718
0.086287
-0.118070
-0.033295
-0.062100
0.067505
-0.036273
-0.028133
0.052761
-0.037872
-0.097452
-0.039568
-0.002514
-0.077577
-0.063346
0.017274
-0.048455
-0.000680
0.102869
-0.041787
0.066240
-0.029364
-0.103264
-0.031852
-0.054032
-0.009288
-0.008242
0.055632
0.050032
-0.008291
0.054341
0.061752
0.028882
-0.054640
0.050519
-0.016453
0.054574
0.007485
0.037251
-0.006247
-0.021884
-0.040339
0.081026
-0.037123
-0.066785
-0.071761
0.017010
0.036487
-0.087605
-0.066615
-0.007401
0.022385
0.022368
-0.057885
0.000598
0.005055
0.037017
-0.045712
0.047743
0.166348
-0.074560
0.044990
0.069033
-0.030436
-0.049191
0.078815
0.005712
-0.052827
-0.010189
0.127448
-0.032805
0.020513
0.020565
0.097483
-0.064299
0.115073
-0.072405
0.062111
-0.118373
0.045256
-0.028740
0.094019
0.105371
0.061227
-0.062775
0.074573
0.017684
0.032143
-0.016644
0.038988
0.032747
0.020308
-0.024700
0.010780
-0.030806
0.003280
-0.076836
0.068132
0.001965
-0.079512
0.062052
0.086564
0.063726
0.031724
-0.052835
-0.028961
0.043614
0.073049
0.024831
-0.070834
-0.134875
0.019232
-0.050735
-0.121944
0.092503
0.065258
-0.069177
-0.070577
-0.056942
0.065716
0.022385
-0.035131
-0.098120
-0.051057
0.020652
-0.030694
0.052330
0.015395
-0.062893
0.004788
-0.001660
-0.025516
0.025220
0.143065
-0.062946
-0.050670
-0.080480
0.056949
-0.081381
-0.141128
0.061974
0.061273
0.027982
0.070348
0.001508
0.085716
0.049670
0.090409
-0.076105
-0.023895
0.101191
-0.070262
0.014719
-0.040554
-0.068583
-0.028113
-0.063196
-0.022917
0.019738
-0.030140
0.073236
0.105685
