-0.068320
0.023694
-0.108699
0.081008
-0.013242
-0.011875
0.026258
-0.064041
0.074368
0.100420
-0.007097
-0.050447
0.031508
0.038199
-0.058678
0.036710
0.045049
0.024266
0.085431
-0.128837
-0.106197
-0.017566
-0.034510
0.091383
0.023301
-0.040826
0.048418
0.080316
0.041911
0.136043
0.105250
0.108523
0.020812
-0.097852
0.082106
-0.001583
-0.058526
-0.061481
-0.017453
-0.049993
-0.090102
0.034831
-0.055053
-0.082112
-0.127969
0.012294
0.083044
0.007987
-0.034264
0.001951
-0.058426
-0.002245
-0.044712
0.002565
-0.008021
-0.060925
-0.032909
-0.026491
0.054250
0.046565
0.054664
0.080831
0.016870
0.035650
-0.061439
0.023926
-0.042119
0.045347
-0.013446
0.019502
-0.003054
-0.034560
0.011292
-0.004191
0.068664
-0.033475
-0.101775
0.044412
-0.004855
-0.055350
-0.006843
0.003141
-0.020789
0.067763
0.100219
-0.029696
0.016483
0.047043
-0.108814
-0.068791
-0.053034
-0.062370
0.037730
-0.046736
-0.139477
0.210087
0.035742
0.046102
0.031671
-0.115374
0.107709
-0.133096
0.037927
0.072927
0.037564
0.012745
-0.130224
-0.048979
-0.022340
-0.034068
-0.003604
0.046945
0.061309
0.005093
-0.119553
0.044025
0.076504
0.042629
-0.042478
0.024764
-0.046752
0.017805
-0.011225
0.025918
-0.063240
-0.044290
-0.042488
-0.049616
0.020140
-0.115565
0.025124
0.064717
-0.049647
-0.049365
-0.043295
-0.100820
-0.043152
0.016250
0.005041
-0.098048
0.000996
-0.051465
-0.058302
0.127254
-0.118044
-0.012289
0.009232
-0.063371
-0.056343
-0.057785
-0.015531
0.051693
0.016924
0.050746
-0.098149
0.003993
-0.019969
0.067448
0.015520
0.148018
-0.110080
-0.088055
0.059518
-0.017841
0.047026
0.017713
0.061911
-0.051733
-0.000540
-0.129946
0.026716
0.006319
-0.062839
0.051017
0.039495
0.004226
-0.017786
-0.045643
-0.040994
0.020540
0.013382
-0.042278
-0.004624
0.042026
0.026189
0.013233
0.037829
-0.081530
-0.058828
-0.068485
0.096112
-0.009335
0.046384
-0.002225
0.146083
0.083746
0.030120
0.024143
0.013294
-0.024710
-0.033441
0.022224
0.052184
-0.017173
-0.100292
0.004855
-0.079827
-0.061242
-0.043688
0.038289
-0.068826
0.028542
0.115311
-0.060780
0.061085
-0.067253
-0.016070
0.092664
-0.027761
0.035806
0.001064
0.044513
0.053983
-0.092085
0.076913
-0.051327
-0.121733
-0.049216
0.044216
-0.151279
0.026470
-0.007290
0.084826
-0.041072
-0.104128
0.091227
0.083247
0.061585
0.050392
-0.039843
0.021820
-0.040554
-0.041144
-0.021416
-0.018640
-0.001034
-0.039074
0.019695
-0.100378
0.067788
0.076161
-0.023166
-0.068077
-0.088132
-0.008293
0.059196
0.099994
-0.006132
0.050994
-0.099982
-0.063106
0.076212
-0.077504
0.021232
0.016232
-0.043526
-0.026096
-0.001627
0.012832
-0.026110
0.117770
-0.024971
0.062388
-0.061801
-0.094434
-0.021922
0.058503
-0.043934
0.076495
0.002861
-0.002294
0.007876
0.031235
0.015368
0.033152
-0.011584
0.082398
-0.066923
-0.063359
0.093869
0.050809
-0.070541
-0.103282
0.071082
0.085803
0.083063
0.047836
0.027080
-0.010473
0.033027
-0.021694
0.067915
0.106701
-0.051030
0.131699
-0.051606
-0.039378
0.091834
-0.070744
-0.060239
0.078220
0.060535
-0.030947
-0.065655
0.062290
-0.002704
0.090012
0.066424
-0.017864
0.022986
-0.008247
-0.133417
-0.017916
-0.014437
-0.046046
0.025833
0.066784
0.010970
0.066636
0.127521
-0.055634
0.070569
0.055491
0.034921
-0.049913
0.068071
-0.022055
0.060934
0.076007
-0.068949
0.044740
0.093359
0.029720
-0.021677
-0.045312
0.111515
-0.034081
-0.090599
-0.084453
-0.081406
-0.027517
0.046595
-0.111553
-0.035676
-0.064511
0.070518
-0.005844
-0.070073
0.017794
-0.043981
-0.123425
-0.052962
-0.053051
-0.050217
-0.077817
0.012344
-0.038093
-0.018763
0.127185
-0.032563
0.060120
-0.032429
-0.127036
-0.040180
-0.099857
-0.008681
-0.003563
0.062007
0.071324
0.001910
0.035106
0.080263
-0.002318
0.032760
0.064106
-0.022766
0.051281
0.033206
0.070666
-0.023426
-0.019792
-0.056906
0.076693
-0.064742
-0.076160
-0.088192
0.022416
-0.013783
-0.092211
-0.008101
-0.009718
-0.002575
-0.026758
-0.084986
-0.000970
-0.000305
0.057730
-0.061830
0.037539
0.142119
-0.074994
0.052710
0.057116
-0.070516
-0.061972
0.056102
-0.011478
-0.069188
-0.049908
0.141083
-0.001365
0.021947
0.029275
0.094365
-0.065177
0.112163
-0.089618
0.034590
-0.092052
-0.003369
-0.036767
0.080454
0.122910
0.070270
-0.068093
0.089623
-0.004022
0.038498
0.040033
0.063975
0.038172
0.006871
-0.009649
-0.024502
-0.051935
0.012027
-0.080291
0.073593
-0.026062
-0.077325
0.060723
0.088129
0.011725
0.010971
-0.067374
-0.069408
0.044704
0.037179
0.046559
-0.079527
-0.111698
0.035946
-0.099235
-0.070140
0.085369
0.054955
-0.049786
-0.075000
-0.043116
0.054728
0.032718
-0.042705
-0.093053
-0.061106
0.001993
0.014796
0.063747
0.010188
-0.067976
0.012502
0.001618
-0.048397
0.083332
0.144432
-0.051366
-0.030934
-0.071450
0.004778
-0.109103
-0.120194
0.005864
0.063163
0.032544
0.063478
0.021414
0.069047
0.070982
0.062508
-0.056091
0.008307
0.107024
-0.067277
-0.004759
-0.056633
-0.048707
-0.031407
-0.071170
-0.019347
0.039232
-0.039985
0.076298
0.044101
