-0.123757
-0.006248
-0.072597
-0.043136
-0.040053
-0.020487
-0.024556
0.035569
0.069860
0.132676
-0.059309
0.060595
0.073858
0.083228
-0.116619
-0.005352
-0.003546
-0.020887
-0.032543
-0.003323
-0.067626
-0.006589
0.029426
0.056280
0.084630
-0.097844
-0.027098
-0.014504
-0.027036
0.062620
0.081372
0.040558
0.128366
-0.050228
0.023142
-0.086200
0.011645
-0.112530
-0.005948
-0.059607
-0.063714
0.029719
-0.003369
-0.026713
-0.077482
-0.044255
-0.010980
0.012275
-0.042533
0.053981
0.052338
-0.000542
0.034213
-0.083477
0.022390
-0.054509
-0.084250
-0.081884
0.057795
0.012879
-0.009173
0.086288
0.062772
0.001939
-0.036358
0.013197
0.023476
-0.059538
-0.035756
-0.056842
-0.107058
-0.113736
-0.018706
0.026141
-0.039542
0.060247
0.015794
0.015084
0.049856
0.031397
-0.026227
0.079814
-0.043816
0.035666
0.142489
-0.018857
0.030926
-0.010263
-0.082977
-0.028240
-0.070694
-0.078962
0.040167
-0.017719
-0.089774
0.158118
0.025101
0.024417
0.081531
-0.152527
-0.035546
-0.051979
-0.021095
0.108294
-0.029726
0.016478
-0.058072
0.025578
-0.018234
-0.096929
0.012386
-0.018989
0.004195
0.043094
-0.071233
0.057021
0.043579
-0.017451
0.095183
-0.037095
-0.020191
-0.025268
0.022334
-0.017365
-0.013694
-0.028727
-0.003554
-0.056595
-0.020741
-0.043814
0.048239
0.084413
-0.051827
-0.083835
0.048759
-0.017199
0.053603
0.052373
-0.015732
-0.031546
0.039135
-0.079986
0.068301
0.082683
-0.065246
0.023355
0.053512
0.047471
-0.023354
-0.116473
-0.037222
0.036700
0.054220
-0.049255
-0.067433
0.087123
-0.018874
0.131210
-0.080695
0.134496
0.015436
-0.154112
0.066480
-0.008457
0.067697
-0.064683
0.028933
-0.107440
0.009537
0.015005
-0.005864
0.081698
-0.052244
0.097238
0.052803
0.030986
-0.015490
-0.014471
0.052679
0.031283
0.008039
-0.013278
0.018404
0.026511
-0.007573
0.036740
-0.021786
0.000840
-0.005163
-0.085014
0.092657
-0.001011
0.005985
-0.009273
0.141719
0.041100
-0.026054
-0.088797
0.030930
0.081105
-0.116565
0.114380
0.034353
0.022317
-0.032791
-0.125644
-0.101423
-0.043220
-0.046190
0.043302
-0.083259
-0.081460
0.169468
0.030407
0.064311
0.033035
0.086550
0.009022
-0.001603
0.023434
-0.042490
0.120512
0.090237
-0.073582
0.015157
-0.020035
-0.061617
-0.066924
-0.022373
-0.137112
-0.038731
0.049180
0.083769
0.026009
-0.067647
0.114549
0.100546
0.004194
0.007714
-0.066619
0.031755
-0.009151
-0.121440
-0.034038
0.031508
-0.010464
0.096710
0.027031
-0.049169
-0.072227
0.006765
-0.072148
-0.079545
-0.077090
-0.041636
0.064457
0.037284
-0.028292
0.047789
0.030963
-0.065883
0.044914
-0.034380
0.001766
-0.041189
-0.025711
0.050636
0.008162
0.043762
-0.003369
0.082053
-0.022714
0.050410
-0.050767
-0.016963
0.087339
0.076307
-0.023296
0.077771
0.003742
-0.112433
0.009603
-0.000623
0.049583
-0.023058
0.044396
0.041040
-0.035591
-0.036477
0.128699
0.045033
0.053808
-0.059637
0.022418
0.012010
0.044023
0.123154
0.054834
0.108283
0.013975
-0.104531
0.050281
0.104195
0.013510
0.109838
-0.152848
-0.069440
0.072901
0.035828
-0.113064
0.044035
-0.008087
-0.024679
0.024823
0.050961
-0.009033
0.056453
0.116227
0.004513
0.051564
-0.053083
-0.126772
-0.035587
-0.062811
0.041289
0.051461
0.098122
0.035187
0.026658
0.034275
0.034820
0.056094
0.028752
0.062131
0.007102
0.076165
-0.062836
0.033675
0.085614
-0.018569
0.017271
0.104292
0.043709
-0.081300
-0.058858
0.045586
0.026183
-0.065312
-0.021077
-0.125521
0.023647
0.064008
-0.130633
0.038327
0.028355
0.051841
0.019788
-0.016681
0.071084
-0.029957
-0.066672
-0.058914
0.013911
-0.047117
0.004597
-0.013553
-0.042075
-0.043356
0.033875
0.027211
-0.003234
-0.032173
-0.077198
-0.039437
-0.009074
-0.074669
0.009809
0.026062
0.089469
-0.103553
-0.001586
0.045879
-0.060604
-0.025841
0.032249
-0.032951
0.026116
0.054036
0.099089
0.007913
-0.094089
-0.085882
0.031315
-0.044144
0.020252
0.006711
-0.047730
0.069215
-0.089390
-0.117332
-0.007304
0.007000
0.097167
-0.111918
-0.003534
0.000971
0.054822
-0.034477
0.053154
0.052381
-0.076650
0.059637
0.074862
0.024043
-0.078242
0.037981
0.056896
-0.000499
0.098347
0.073296
-0.059792
-0.060776
0.059213
0.084121
-0.059961
0.179076
-0.020295
-0.006176
0.007596
0.012860
0.010391
0.146271
0.043262
-0.047292
-0.056631
0.069045
0.025523
0.025939
-0.050347
0.102809
0.084639
0.029228
-0.100225
0.008094
0.042796
-0.025957
-0.076088
0.053917
-0.084313
-0.079705
0.057292
0.094832
-0.023628
0.089209
0.026763
-0.047233
0.050112
0.063851
0.024136
-0.077588
-0.099423
0.016532
-0.100888
-0.088534
0.081861
0.062927
-0.063856
0.011687
-0.067179
0.067989
-0.054557
-0.033127
-0.174009
-0.031559
0.042262
-0.040081
0.046164
0.072923
-0.060152
-0.027155
-0.016029
-0.017963
-0.007579
0.194891
-0.068850
0.049230
-0.098640
0.042091
-0.045945
-0.065673
0.039473
0.059957
0.049027
-0.007135
0.009956
0.039817
0.061182
-0.009478
-0.141169
-0.007070
0.086796
-0.034515
-0.066709
-0.031418
-0.084535
-0.044372
-0.052459
-0.004371
0.033777
-0.042861
0.074668
-0.008738
