-0.064436
-0.014619
-0.047970
-0.019499
-0.030160
-0.042445
0.008418
-0.016333
0.047737
0.147010
-0.040673
-0.001111
0.062729
0.036411
-0.135560
-0.035694
0.007631
-0.002663
-0.005253
-0.026711
-0.049350
-0.024680
0.003898
0.099986
0.082512
-0.055403
-0.003390
-0.054090
-0.015911
0.065679
0.050049
0.024979
0.127543
-0.031310
0.006560
-0.042406
0.012644
-0.101686
0.012186
-0.063164
-0.033730
0.052429
0.007164
-0.049171
0.005145
-0.027510
0.011965
-0.021839
-0.065559
0.012710
0.071990
-0.025680
0.020633
-0.074261
0.020390
-0.031843
-0.069333
-0.067672
0.086378
0.051972
-0.005387
0.089033
0.069617
0.000697
-0.065772
0.002860
0.006841
-0.021684
-0.028173
-0.015324
-0.101056
-0.088264
-0.046482
0.019353
-0.068605
0.076759
0.033389
-0.020441
0.043851
0.081769
-0.055954
0.083237
-0.008993
0.008246
0.136187
-0.015001
0.020072
-0.051123
-0.106962
0.015150
-0.059770
-0.101286
0.025571
-0.051551
-0.076084
0.202047
0.003845
-0.001164
0.084365
-0.123649
0.001484
-0.065278
0.003630
0.152822
-0.043920
0.036281
-0.067061
0.039960
-0.072222
-0.050063
0.037147
0.021448
0.007044
0.033700
-0.063239
0.020526
0.072027
0.018676
0.009423
-0.039066
-0.088685
-0.027820
-0.011691
0.024543
-0.008077
-0.008361
0.028284
-0.041980
0.023714
-0.025195
-0.012151
0.066665
-0.052591
-0.065106
0.059011
-0.035315
0.044216
0.030125
-0.061725
-0.084858
0.059683
-0.096418
0.057587
0.065220
-0.043536
0.018582
0.061083
0.037323
-0.009971
-0.134989
-0.018562
0.067572
0.016768
-0.005498
-0.032448
0.054641
-0.034135
0.068335
-0.021735
0.139212
-0.027942
-0.157026
0.106577
-0.065278
0.000654
-0.039320
0.040592
-0.094919
0.033382
-0.025695
-0.013510
0.049396
-0.036453
0.075642
0.058444
0.072364
-0.010760
-0.044474
0.045819
0.036639
0.096536
0.016704
0.021855
-0.083932
-0.032312
-0.027182
-0.048540
-0.021545
-0.051201
-0.087447
0.067946
0.004971
-0.019441
0.023372
0.123163
0.085661
0.011238
-0.068874
0.054219
0.078864
-0.114017
0.123034
0.033699
0.007917
-0.051367
-0.140084
-0.122003
-0.073423
-0.043699
0.023121
-0.064499
-0.091067
0.146981
0.030060
0.094026
0.043456
0.071905
0.026426
-0.003142
0.068960
-0.006072
0.158938
0.066766
-0.110860
-0.016730
-0.015464
-0.073345
-0.048609
-0.020991
-0.149556
-0.025646
0.057535
0.074247
0.009543
-0.053045
0.123039
0.103937
-0.016661
0.031346
-0.069009
0.019070
-0.025259
-0.131986
-0.048442
-0.000579
0.007938
0.078722
0.019523
-0.000364
-0.066995
0.051112
-0.062448
-0.065125
-0.034977
-0.033938
0.081323
0.044480
-0.000367
-0.022637
-0.001598
-0.063701
0.071779
-0.074016
-0.017584
-0.007273
-0.031654
-0.041074
-0.016641
0.097217
-0.015506
0.055426
-0.012426
0.038522
-0.054365
-0.021476
0.037977
0.099167
-0.082267
0.077075
0.015936
-0.047320
0.016463
0.008471
0.011150
0.026973
0.048631
-0.048267
-0.083766
-0.041629
0.095541
0.022794
0.018901
-0.061415
0.034134
0.054320
0.091145
0.095366
0.038907
0.102787
0.032907
-0.093394
0.052688
0.082661
-0.017517
0.082307
-0.171146
-0.064483
0.085302
0.073552
-0.111959
0.074626
0.009153
-0.059026
0.011645
0.118221
0.011032
0.033437
0.081421
0.028634
0.038900
-0.023140
-0.151085
-0.074992
-0.031363
0.040309
0.085438
0.091482
-0.012136
0.061719
0.054403
0.039630
0.025179
0.009863
0.048221
-0.000772
0.029167
-0.058612
0.043284
0.066440
-0.032836
0.031033
0.120746
0.069028
-0.088790
-0.086304
0.039764
0.033262
-0.077652
-0.074421
-0.101414
0.058852
0.020004
-0.120051
0.010006
-0.027891
0.052850
0.018132
-0.066205
0.079145
-0.040495
-0.010775
-0.069522
0.015650
-0.041723
0.014552
-0.043539
-0.091965
-0.066498
0.093562
0.034576
-0.008080
-0.071359
-0.054817
-0.001675
-0.063962
-0.012493
0.021862
0.052907
0.108987
-0.120631
-0.024965
0.094257
0.023401
-0.000812
0.032692
-0.078572
0.059247
0.063396
0.032553
-0.012588
-0.049737
-0.022431
0.073989
-0.042661
0.020966
0.010177
-0.077102
0.047927
-0.100247
-0.106865
-0.014602
-0.016569
0.082754
-0.032223
-0.024379
0.050217
0.059931
-0.054146
0.050099
0.113814
-0.072809
0.087305
0.077037
0.010149
-0.008466
0.057885
-0.007464
-0.023399
0.095077
0.072412
-0.027353
-0.013774
0.020763
0.090693
-0.035567
0.106617
-0.020341
0.054902
-0.013109
0.034891
0.079861
0.125559
0.070171
-0.031672
-0.060228
0.099664
0.016289
0.033497
-0.048572
0.079728
0.040583
0.008395
-0.039259
0.041879
0.029714
0.016733
-0.075802
0.066536
-0.065452
-0.079903
0.055221
0.142524
0.039976
0.107452
0.038623
-0.004254
0.045179
0.056206
0.015216
-0.076944
-0.130016
-0.066353
-0.076718
-0.093106
0.065953
0.025700
-0.048407
-0.006589
-0.077483
0.066900
-0.079335
-0.038583
-0.154473
-0.024387
0.051926
-0.025440
0.043133
0.048453
-0.050246
-0.058247
-0.041223
-0.020061
-0.030849
0.142049
-0.078726
0.046206
-0.116541
0.010575
-0.034780
-0.125451
0.020819
0.066841
0.031439
0.000061
0.001720
0.033344
0.033343
0.026575
-0.118164
-0.014897
0.064417
-0.067712
-0.068297
-0.037009
-0.088148
-0.037177
-0.054974
-0.011549
0.033519
-0.069322
0.072295
0.000395
