-0.161371
-0.006532
-0.082909
0.019473
-0.024415
0.012401
0.016655
0.065851
0.053800
0.112493
-0.057374
-0.005218
0.025343
0.072544
-0.063983
0.032478
-0.018837
-0.061614
0.016545
0.040676
-0.049149
-0.021689
0.026180
0.060188
0.003215
-0.101888
-0.058802
0.053821
0.013741
0.069803
0.117152
0.075068
0.091698
0.000649
0.024114
-0.063749
-0.056427
-0.107234
-0.022530
-0.025687
-0.092109
-0.010266
0.063331
-0.030860
-0.081844
-0.045802
-0.050509
0.062117
-0.036456
0.045537
0.028024
-0.011832
0.047271
-0.068971
0.053222
-0.047849
-0.078844
-0.114135
0.049324
-0.025496
-0.068547
0.089442
0.085402
-0.021164
0.003465
0.037439
0.022791
-0.074867
-0.023144
-0.057825
-0.061009
-0.070673
-0.004154
0.041690
-0.032839
0.108435
-0.025682
0.010428
0.013676
0.051365
0.051374
0.031532
-0.073829
0.080906
0.124989
-0.078833
0.041220
0.018766
-0.069014
-0.024937
-0.036848
-0.066332
0.016648
0.022358
-0.119547
0.132395
-0.036640
0.069940
0.050694
-0.141357
-0.034198
-0.080207
-0.023252
0.046233
-0.041510
0.026447
-0.065930
-0.000871
0.029703
-0.104077
-0.014121
-0.032990
0.027142
0.079638
-0.092592
0.075611
0.037581
0.016927
0.091846
-0.054210
0.057355
0.031598
0.016474
-0.056944
0.009821
-0.015493
-0.064095
-0.031021
0.001715
-0.081517
0.005981
0.107858
-0.105226
-0.036338
-0.031561
0.019985
0.074237
0.060500
-0.032636
0.009895
0.015542
-0.092588
0.056175
0.097541
-0.057729
0.008419
0.084632
0.062378
-0.023837
-0.076333
-0.023990
0.038855
0.116421
-0.047360
-0.061799
0.106249
-0.001787
0.099172
-0.089696
0.090751
0.080350
-0.149522
0.073576
0.016899
0.040712
-0.070718
0.027430
-0.183415
-0.011563
-0.025207
-0.024907
0.074022
-0.059956
0.050554
0.067275
0.015677
-0.052534
0.046592
0.034740
-0.005457
-0.002967
-0.040159
0.040872
0.044498
-0.002559
0.030727
-0.003308
0.038065
0.079995
-0.031034
0.097772
0.012479
0.033960
0.020756
0.146336
-0.004186
-0.065043
-0.066588
0.064617
0.092806
-0.076675
0.102611
0.005994
-0.006788
-0.006520
-0.147998
-0.090922
-0.058678
0.002847
0.055419
-0.107343
-0.048234
0.191044
-0.047580
0.039475
0.015515
0.047043
0.029417
0.030819
0.009339
-0.068570
0.098985
0.082892
-0.014233
0.037845
-0.005123
-0.030778
-0.067760
-0.034308
-0.090009
-0.071524
0.032688
0.059842
0.021152
0.000234
0.050181
0.063959
-0.033463
0.035648
-0.089151
0.022323
-0.020117
-0.095005
-0.050937
0.042042
-0.029971
0.052436
0.029589
-0.036435
-0.026790
-0.016502
-0.055724
-0.082109
-0.080020
-0.068933
0.021657
0.027520
-0.019910
0.068688
0.006960
-0.051701
0.037041
-0.009785
0.041027
-0.020210
-0.030747
0.032015
0.002849
-0.005012
-0.018128
0.053829
-0.000562
0.069548
-0.053577
-0.008193
0.081189
0.057558
-0.013472
0.076964
-0.011756
-0.073122
0.008833
0.006156
0.050065
-0.001107
0.033426
0.011390
-0.044839
-0.037423
0.112886
0.011814
0.056473
-0.091271
0.024029
0.005323
0.040158
0.121419
0.047027
0.111084
-0.004265
-0.081956
0.056387
0.116195
0.026798
0.144181
-0.115258
-0.055775
0.104887
0.047587
-0.122700
0.039145
0.021102
-0.035525
0.008040
0.082929
0.008198
0.055213
0.073519
-0.005244
0.007083
-0.037794
-0.122013
-0.036781
-0.088082
0.003629
0.073696
0.101282
0.058965
0.004378
0.042584
0.038234
0.064251
0.048781
0.053976
-0.001453
0.080254
-0.061176
0.054137
0.076895
0.013407
0.027410
0.098893
0.065809
-0.093409
-0.081153
0.045094
0.003815
-0.056653
-0.013166
-0.132082
0.013803
0.022006
-0.108546
0.050807
0.055091
0.058214
0.015865
-0.029742
0.086869
-0.029471
-0.079344
-0.054713
-0.030572
-0.068537
-0.034424
-0.038719
-0.069236
-0.017004
0.021949
-0.025047
0.025559
-0.072389
-0.096127
-0.028540
0.015310
-0.037241
0.009921
0.033781
0.099265
-0.089822
0.007510
0.070796
-0.047157
0.012363
0.039459
-0.007927
0.045774
0.093411
0.111137
-0.001530
-0.059541
-0.087073
-0.009677
-0.083068
-0.000714
-0.012005
-0.033059
0.056682
-0.097031
-0.062627
-0.017727
0.011611
0.098284
-0.127408
0.010759
0.039302
0.075338
-0.061934
0.035385
0.081927
-0.075334
0.069350
0.055805
0.005218
-0.053349
0.026231
0.061484
-0.011595
0.077099
0.058036
-0.087646
-0.068420
0.071501
0.082664
-0.022022
0.169605
-0.048025
-0.000836
-0.031377
-0.039052
0.030827
0.150680
0.070032
-0.059466
-0.066070
0.087179
-0.009442
0.027482
-0.008192
0.087003
0.053066
0.006017
-0.074128
0.002870
0.021089
-0.040769
-0.079465
0.054998
-0.095895
-0.082837
0.059106
0.148645
-0.059026
0.084439
0.044545
-0.049568
0.049705
0.013278
0.015044
-0.104428
-0.080926
0.021207
-0.087377
-0.097619
0.085839
0.080513
-0.057249
0.031597
-0.060878
0.063497
-0.044380
-0.019168
-0.169408
-0.044931
0.046026
0.020497
0.055137
0.046926
-0.054102
0.010636
0.009568
0.007035
-0.003216
0.192326
-0.050917
0.031323
-0.100065
0.033897
-0.023009
-0.090142
0.056915
0.049728
0.024790
0.020234
0.015603
0.060540
0.056799
0.002973
-0.087147
-0.037321
0.098500
-0.052269
-0.055524
-0.044285
-0.061937
-0.048286
-0.060118
0.027670
0.025892
-0.060111
0.074542
0.015232
