-0.037499
-0.035691
0.016353
-0.058523
-0.023689
-0.048136
-0.045656
0.006014
0.063163
0.157469
-0.043918
-0.000506
0.090281
0.035472
-0.136955
-0.049689
0.001769
-0.018835
-0.063969
-0.015623
-0.077087
-0.023538
-0.019283
0.095277
0.095687
-0.048102
0.008608
-0.077524
-0.044284
0.065359
0.030536
-0.031731
0.120055
0.000286
0.015636
-0.037637
0.047284
-0.073495
-0.008809
-0.043948
-0.069844
0.081363
0.001667
-0.038735
0.037689
-0.053404
-0.006779
-0.031307
-0.075528
0.024892
0.075914
0.004562
-0.003624
-0.066074
0.052072
-0.019305
-0.040529
-0.026266
0.029751
0.029003
-0.018754
0.087594
0.075220
0.004208
-0.051388
0.011967
0.008049
-0.008051
-0.041676
0.017763
-0.119408
-0.073274
-0.044279
0.039686
-0.107034
0.029932
0.061613
-0.013874
0.029459
0.056458
-0.081083
0.107035
0.027529
-0.028489
0.151956
0.006272
0.012463
-0.074491
-0.061215
0.055799
-0.071585
-0.092825
-0.000748
-0.001026
-0.054063
0.183319
0.028752
0.005289
0.069637
-0.104616
-0.028617
-0.012132
-0.005744
0.150796
0.014040
0.019732
-0.044273
0.029336
-0.095291
-0.033290
0.049068
0.005161
-0.052997
-0.019993
-0.010844
0.030243
0.065256
-0.012289
0.031122
-0.057611
-0.084748
-0.045036
-0.052186
0.077287
0.024308
-0.000104
0.020692
-0.036025
0.015993
-0.016081
-0.035969
0.065511
-0.062111
-0.031605
0.097368
0.012104
0.026934
0.044164
-0.078330
-0.057961
0.080700
-0.063733
0.088765
0.005994
-0.036591
-0.006868
0.041313
0.059865
-0.004704
-0.127120
-0.018528
0.051033
0.012392
-0.010706
-0.026280
0.049358
-0.045801
0.085191
-0.023329
0.152258
-0.038516
-0.154421
0.090469
-0.062709
0.032042
-0.028538
0.031143
-0.035882
0.018412
0.001076
-0.028448
0.058458
-0.051517
0.119161
0.053402
0.097509
-0.029898
-0.062023
0.036443
0.066540
0.093284
0.037684
0.016659
-0.100204
-0.014891
-0.003969
-0.008678
-0.031387
-0.024133
-0.094235
0.065089
-0.019087
-0.011079
0.024717
0.094624
0.059167
0.035588
-0.079672
0.042762
0.075551
-0.113487
0.109162
0.049293
0.020911
-0.015733
-0.090902
-0.096401
-0.060062
-0.046130
-0.009317
-0.065669
-0.132724
0.130545
0.057834
0.107412
0.091755
0.088646
-0.028184
-0.002502
0.079199
-0.014175
0.158016
0.030903
-0.076813
-0.027527
-0.034598
-0.097055
-0.022166
-0.038583
-0.143922
0.021431
0.069096
0.050592
0.029319
-0.033342
0.137101
0.063178
-0.011305
0.000213
-0.064031
0.034349
0.028415
-0.094330
-0.009398
-0.012254
0.040596
0.118796
0.038473
-0.013157
-0.072635
0.053181
-0.072564
-0.066256
0.010449
-0.024160
0.118524
0.038682
-0.012401
-0.010612
0.004270
-0.072707
0.065681
-0.034537
-0.017310
-0.030358
-0.045373
0.008448
-0.017294
0.099417
-0.023305
0.044911
-0.058621
0.032081
-0.065210
-0.008009
0.082321
0.107615
-0.052994
0.049660
0.007454
-0.071768
0.026117
0.013902
-0.016115
0.002237
0.051512
-0.032898
-0.086524
-0.045134
0.113430
0.027117
-0.000044
-0.022085
0.059211
0.010430
0.062483
0.086501
0.055855
0.091949
0.032010
-0.095344
0.066306
0.081303
0.009481
0.090447
-0.176953
-0.071095
0.070033
0.070975
-0.091368
0.068347
0.002395
-0.053744
0.009473
0.113549
-0.006790
0.004505
0.082700
0.040293
0.068570
-0.077308
-0.152202
-0.057235
-0.047608
0.054500
0.084885
0.092582
0.020834
0.060230
0.032519
0.021368
0.024932
0.019866
0.054129
0.004427
0.006651
-0.036585
0.050533
0.056444
-0.024626
0.035046
0.111528
0.059022
-0.108308
-0.051170
0.034877
0.008062
-0.057149
-0.041497
-0.131951
0.065267
0.014909
-0.140519
0.006509
-0.006166
0.069812
0.017240
-0.049175
0.065709
-0.043398
-0.029496
-0.073804
-0.001996
-0.068659
0.027319
-0.042403
-0.068064
-0.074358
0.058510
0.040839
-0.010155
-0.075302
-0.050067
-0.006863
-0.025141
-0.053696
0.049611
0.040364
0.076041
-0.139220
-0.009686
0.057892
-0.002518
-0.036742
0.043555
-0.080690
0.065415
0.041707
0.031829
-0.017077
-0.079345
-0.010934
0.042300
-0.019626
0.031716
0.047400
-0.059081
0.041377
-0.094454
-0.110591
-0.013657
0.033038
0.099457
-0.057238
-0.015404
0.024017
0.032179
-0.007042
0.057294
0.104182
-0.080736
0.095452
0.048188
0.024403
-0.042536
0.029860
0.037166
0.029587
0.098857
0.046044
-0.062058
-0.037865
0.054841
0.093708
-0.058108
0.120702
-0.022035
0.079979
-0.015402
0.036584
0.049129
0.124718
0.040532
-0.019001
-0.073956
0.073300
0.015840
0.040005
-0.090801
0.074316
0.026404
0.005899
-0.017144
0.020344
0.020056
0.024322
-0.079425
0.065215
-0.066734
-0.087386
0.067349
0.127700
0.035116
0.088877
0.026436
-0.007297
0.059307
0.105844
0.010889
-0.080175
-0.147192
-0.066268
-0.066935
-0.115916
0.061235
0.057356
-0.056206
-0.010861
-0.078354
0.034168
-0.040406
-0.043526
-0.095135
-0.025181
0.023156
-0.083357
0.052704
0.079979
-0.044143
-0.033793
-0.022199
-0.017021
-0.037248
0.171771
-0.079372
0.031114
-0.116678
0.061550
-0.011526
-0.092460
0.012554
0.077605
0.038613
-0.037752
0.011603
0.019902
0.051075
0.036542
-0.133774
-0.018932
0.069740
-0.042841
-0.034221
-0.042507
-0.103281
-0.047512
-0.068719
-0.033555
0.027970
-0.077804
0.085250
0.036697
