-0.158884
-0.027354
-0.092472
0.020659
-0.008573
-0.018350
0.023612
-0.002663
0.066832
0.130840
-0.039995
0.017009
0.042278
0.074417
-0.106399
0.039006
-0.013535
-0.029208
0.035097
-0.024958
-0.053697
-0.010039
-0.007658
0.084267
0.008249
-0.103382
-0.045211
0.010080
0.018764
0.074346
0.118078
0.082345
0.090861
-0.021365
0.029205
-0.074297
-0.039024
-0.108382
-0.001191
-0.047314
-0.039892
-0.002255
0.068585
-0.050532
-0.072894
-0.035015
-0.006383
0.039555
-0.011692
0.034394
0.044897
-0.031774
0.049414
-0.070954
0.040607
-0.049513
-0.080718
-0.095739
0.073392
0.007009
-0.011167
0.098312
0.078341
-0.025996
-0.025177
0.023711
-0.012252
-0.048502
-0.036686
-0.047728
-0.080251
-0.084034
-0.017592
0.028187
-0.024595
0.113806
-0.023735
-0.028753
0.033745
0.057208
0.045287
0.045170
-0.093867
0.096080
0.134679
-0.080241
0.037514
0.006946
-0.095487
-0.029816
-0.038037
-0.076490
0.031174
-0.010803
-0.096452
0.156890
-0.009814
0.053928
0.052923
-0.146975
0.021483
-0.091661
-0.010486
0.096478
-0.058281
0.022192
-0.064535
0.004595
0.006895
-0.073252
-0.008031
-0.023544
0.046682
0.076402
-0.103759
0.075176
0.050668
0.005285
0.060166
-0.034829
-0.011794
0.052954
0.018485
-0.057856
-0.019303
-0.022354
-0.028317
-0.042140
-0.013698
-0.086668
0.038672
0.084285
-0.066194
-0.077779
-0.027496
-0.028230
0.040107
0.038449
-0.001379
-0.003159
0.011909
-0.092495
0.053852
0.115385
-0.054154
0.018731
0.095662
0.030418
-0.027001
-0.112555
-0.033945
0.034901
0.067297
-0.030199
-0.070680
0.115822
-0.005273
0.079737
-0.069143
0.112167
0.053091
-0.145514
0.063150
-0.010084
0.026037
-0.079749
0.033339
-0.146905
0.018859
-0.037127
-0.022816
0.077124
-0.030622
0.052122
0.057395
-0.006313
-0.032190
0.001360
0.047932
0.014253
0.042711
-0.014083
0.027318
0.035463
-0.036147
-0.003101
-0.032645
0.019947
0.031456
-0.041825
0.063713
0.034002
0.006235
0.013583
0.147098
0.000199
-0.050899
-0.046320
0.048279
0.090866
-0.086489
0.118146
0.015437
-0.012672
-0.017702
-0.158634
-0.105601
-0.079747
-0.018832
0.067186
-0.093755
-0.033881
0.187796
-0.003588
0.042115
-0.003887
0.051400
0.030965
0.004671
0.022670
-0.053148
0.126574
0.085406
-0.047499
0.009617
-0.002483
-0.008518
-0.068419
-0.024081
-0.116694
-0.068115
0.032557
0.069962
0.012934
-0.038149
0.079843
0.092569
-0.023026
0.046452
-0.091098
0.021777
-0.070329
-0.116570
-0.019350
0.046671
-0.048391
0.034447
0.008664
-0.042107
-0.072793
-0.017784
-0.045437
-0.083197
-0.082225
-0.062297
0.054903
0.046275
-0.025481
0.078029
0.017258
-0.057661
0.049224
-0.029906
0.045900
-0.017602
-0.026210
0.047504
0.006892
0.022304
-0.027976
0.060588
-0.014885
0.065182
-0.051901
0.003486
0.080457
0.066180
-0.003226
0.082531
0.008075
-0.048270
0.009747
0.017307
0.058129
0.029313
0.024091
0.020946
-0.039176
-0.035825
0.108389
0.004980
0.050141
-0.053809
-0.007148
0.004634
0.048433
0.113621
0.024618
0.107162
0.002334
-0.073885
0.054404
0.111324
-0.001853
0.122098
-0.131137
-0.055846
0.087285
0.061423
-0.113546
0.072733
0.012058
-0.022922
0.015345
0.092053
0.016626
0.044146
0.093896
-0.011024
0.014185
-0.042020
-0.139427
-0.038450
-0.068759
0.016631
0.071901
0.090383
0.053587
0.020143
0.053352
0.052522
0.037101
0.043719
0.048253
0.012791
0.068132
-0.068329
0.060383
0.082049
0.012014
0.030840
0.085969
0.084213
-0.114784
-0.063166
0.034890
0.021439
-0.064776
-0.019807
-0.134920
0.052396
0.026147
-0.119575
0.021313
0.055776
0.053777
0.014629
-0.019191
0.099182
-0.034764
-0.079333
-0.056528
-0.007642
-0.072729
-0.039877
-0.011737
-0.054946
0.005012
0.033487
-0.009749
0.007295
-0.064725
-0.084809
-0.038687
0.014870
-0.037766
0.014809
0.036285
0.087573
-0.083067
-0.009346
0.051638
-0.026461
-0.019668
0.038766
-0.011327
0.069530
0.065966
0.093717
0.002771
-0.045745
-0.076522
0.005585
-0.076783
0.001309
0.001062
-0.047810
0.074710
-0.085388
-0.072419
-0.018895
0.013697
0.095177
-0.099798
0.013184
0.034697
0.077771
-0.064289
0.038742
0.096183
-0.075909
0.069125
0.066520
0.018035
-0.042593
0.031767
0.061026
-0.010654
0.088038
0.058752
-0.085389
-0.068689
0.078735
0.092462
-0.016869
0.167875
-0.054588
0.010266
-0.029041
-0.037504
0.036582
0.155767
0.077273
-0.039446
-0.063504
0.075739
0.021894
0.028006
-0.025832
0.101513
0.049946
0.022797
-0.073211
-0.013027
0.019305
-0.036110
-0.080170
0.062565
-0.097207
-0.094490
0.059718
0.142781
-0.031716
0.105828
0.036098
-0.033483
0.050066
0.018421
0.018518
-0.094782
-0.102404
0.001931
-0.052798
-0.101756
0.089894
0.082835
-0.060904
0.050650
-0.075305
0.070911
-0.059962
-0.027042
-0.155311
-0.037533
0.045366
0.006755
0.050680
0.042522
-0.078769
-0.002572
0.005375
0.015365
0.000038
0.201042
-0.058457
0.017788
-0.107166
0.054073
-0.020746
-0.096968
0.078908
0.049945
0.021654
0.020943
0.008661
0.056132
0.047009
0.005390
-0.088287
-0.037942
0.106558
-0.042828
-0.030312
-0.037053
-0.072342
-0.044953
-0.058111
0.018390
0.042343
-0.046236
0.076615
0.041856
