-0.144244
0.012750
-0.061113
0.032291
-0.078228
0.028424
0.050085
0.068308
0.025143
0.100508
-0.028761
-0.050884
-0.007766
0.056474
-0.029353
-0.010770
-0.021898
-0.059003
-0.003420
0.068920
-0.070140
-0.016023
0.045016
0.086915
-0.036770
-0.071814
-0.086166
0.094370
0.028959
0.097199
0.107747
0.080484
0.069506
-0.004594
0.004409
-0.040112
-0.063079
-0.121579
-0.013442
-0.008788
-0.140912
0.005744
0.077827
-0.028710
-0.051442
-0.040050
-0.050226
0.064541
-0.087812
-0.001642
0.032319
0.023555
0.016153
-0.064716
0.053653
-0.029038
-0.034514
-0.133655
0.039649
-0.043242
-0.111043
0.082067
0.048779
-0.009427
0.005873
0.011938
0.043442
-0.083598
-0.013302
-0.044970
0.008233
-0.028738
0.017971
0.058384
-0.001618
0.125134
-0.036339
-0.020746
-0.039670
0.086391
0.053291
0.021914
-0.024498
0.055712
0.100968
-0.028192
0.034094
-0.012767
-0.096010
-0.017052
-0.001721
-0.080707
0.033944
0.018340
-0.137270
0.157608
-0.030840
0.059474
0.067368
-0.105235
-0.048566
-0.091178
-0.060741
0.045471
-0.016480
0.042984
-0.111062
0.019245
0.007833
-0.080405
-0.000293
-0.036295
0.022043
0.046302
-0.068116
0.077333
0.042443
0.061626
0.056961
-0.047014
0.074357
-0.021768
0.016992
-0.043199
0.004571
-0.009854
-0.079409
-0.010667
0.027640
-0.036720
-0.056978
0.105174
-0.077630
0.013804
0.031651
0.039638
0.099668
0.054444
-0.069354
-0.018451
0.017169
-0.060090
0.042708
0.101626
-0.045278
-0.027735
0.089380
0.077436
-0.049898
-0.051970
-0.007801
0.065758
0.127645
-0.024228
-0.069404
0.078920
-0.011704
0.062585
-0.043091
0.118690
0.032410
-0.131416
0.096786
0.010164
0.026306
-0.024028
0.016585
-0.167046
-0.021529
-0.042751
-0.014621
0.072310
-0.065166
0.044516
0.090618
0.048554
-0.065038
0.057409
0.017026
-0.030582
-0.016987
-0.042569
-0.002517
0.028002
0.027181
0.064254
-0.010389
0.035125
0.073892
-0.013233
0.119859
-0.021808
0.055583
0.017928
0.166802
0.059913
-0.050067
-0.095329
0.105017
0.044614
-0.047793
0.085615
-0.038812
-0.019962
-0.027801
-0.156187
-0.078890
-0.033939
0.005073
0.096317
-0.115087
-0.050394
0.149276
-0.066409
0.016311
0.043136
0.035822
0.045291
0.047082
-0.000282
-0.050364
0.063605
0.058552
-0.048402
0.039496
-0.019028
-0.035933
-0.062677
-0.037903
-0.062823
-0.075604
0.030445
0.081058
0.028081
0.052700
0.069931
0.040005
-0.049599
0.020617
-0.079531
-0.007646
0.031140
-0.075510
-0.105003
0.025965
-0.017918
0.057888
0.064692
-0.022258
0.016251
0.034218
0.012344
-0.071056
-0.064513
-0.087684
-0.044673
0.042063
0.041152
0.044604
-0.058680
-0.038948
0.052917
0.015006
0.071657
-0.050078
-0.016901
0.021081
0.009374
-0.041521
-0.020272
0.043553
0.034012
0.061291
-0.038007
-0.077742
0.063501
0.027207
-0.009455
0.045307
-0.024395
-0.055105
-0.012225
-0.021555
0.082386
-0.042818
0.022989
0.018266
-0.049895
-0.023467
0.101156
0.057195
0.026925
-0.089365
0.115742
0.025839
0.018756
0.094027
0.018471
0.078078
-0.012259
-0.055705
0.041544
0.135313
0.012520
0.178301
-0.071742
-0.041855
0.076852
-0.020876
-0.121624
0.063985
0.019566
-0.012865
-0.064997
0.109844
-0.023152
0.091126
0.075155
-0.024323
-0.000351
-0.011089
-0.087298
-0.040121
-0.093732
-0.047965
0.045410
0.092966
0.074669
-0.012885
0.058553
0.018499
0.099115
0.050418
0.099290
-0.030769
0.091226
-0.017738
0.052312
0.083757
-0.011238
-0.012981
0.122050
0.055074
-0.067797
-0.120250
0.079085
-0.018454
-0.071177
0.003703
-0.128233
-0.036298
0.027919
-0.086763
-0.002375
0.037428
0.043233
0.029594
-0.047674
0.066707
-0.014936
-0.094256
-0.057594
-0.005417
-0.058596
-0.090530
-0.018424
-0.055093
-0.039468
0.037511
-0.046732
0.017635
-0.063053
-0.099608
-0.029348
-0.012996
-0.026600
0.020799
0.025377
0.091938
-0.044617
0.045935
0.061951
-0.048878
0.028085
0.026242
-0.016221
0.036710
0.083133
0.147610
0.007549
-0.035961
-0.051054
0.022312
-0.131017
-0.054105
-0.108877
-0.020508
0.050063
-0.073791
-0.008449
-0.000971
-0.011644
0.038649
-0.131263
0.037593
0.036278
0.087759
-0.069744
0.037999
0.069185
-0.063352
0.050940
0.038550
-0.033801
-0.063788
0.017543
0.018092
-0.036944
0.027698
0.090531
-0.023050
-0.088694
0.083016
0.048635
-0.047270
0.163312
-0.018477
-0.024475
-0.045006
-0.027788
0.051326
0.125495
0.104396
-0.023614
-0.045330
0.076544
-0.001923
0.014389
0.038909
0.022364
0.055426
-0.013459
-0.082100
0.007622
-0.002251
-0.075293
-0.062202
0.041014
-0.059005
-0.058418
0.040755
0.145341
-0.066834
-0.010082
0.053296
-0.094627
0.026748
-0.011220
0.001437
-0.106933
-0.079922
0.030367
-0.111744
-0.073822
0.104562
0.076102
-0.031102
0.009244
-0.039350
0.074023
-0.042370
-0.009066
-0.201850
-0.116802
0.000640
0.046824
0.042036
0.007688
-0.021561
0.006633
-0.002345
0.017378
0.020751
0.188340
-0.055076
0.061190
-0.074158
-0.013415
-0.037554
-0.073070
0.024570
0.041263
0.016727
0.011205
0.025861
0.084100
0.049275
-0.014739
-0.045754
-0.012220
0.124854
-0.021159
-0.036933
-0.040189
-0.043420
-0.026358
-0.044402
0.038513
0.016726
-0.092484
0.057770
0.016897
