-0.117667
-0.043854
-0.063337
-0.010425
-0.005393
-0.012680
0.046582
-0.052586
0.048417
0.137750
-0.026366
0.001073
0.030485
0.070346
-0.139999
0.008959
-0.031774
-0.018964
0.033676
-0.065164
-0.047282
-0.031137
-0.032058
0.097938
0.036479
-0.127947
-0.030745
-0.015942
0.031508
0.082767
0.110435
0.067892
0.086707
-0.050178
0.013503
-0.055594
-0.004916
-0.112514
0.011237
-0.087939
-0.010222
0.023713
0.053558
-0.069629
-0.052592
-0.043864
0.022408
0.034959
-0.017131
0.000019
0.055442
-0.052484
0.027832
-0.050211
-0.002773
-0.064742
-0.055463
-0.087418
0.098291
0.044857
0.029202
0.102266
0.053356
-0.033960
-0.045069
-0.014676
-0.006384
-0.034848
0.004591
-0.031496
-0.098870
-0.098514
-0.050704
0.009088
-0.037165
0.110821
-0.015035
-0.064836
0.034939
0.084901
-0.000741
0.051209
-0.054444
0.056041
0.135005
-0.054693
0.045588
-0.027653
-0.101892
-0.005202
-0.044773
-0.077789
0.004892
-0.047410
-0.045759
0.177805
0.046695
0.040084
0.072262
-0.155999
0.010633
-0.089033
0.004170
0.135379
-0.078451
0.054314
-0.072404
0.018762
-0.016503
-0.046889
0.018732
-0.000668
0.070264
0.060198
-0.089912
0.057887
0.086238
-0.009121
0.023899
-0.011208
-0.080245
0.029635
0.014290
-0.020786
-0.011876
-0.023914
-0.030605
-0.054986
-0.003678
-0.056215
0.026687
0.047872
-0.036000
-0.098357
0.004267
-0.049289
0.019618
-0.016401
0.024566
-0.051247
0.032496
-0.096388
0.044792
0.078651
-0.029872
0.029456
0.108476
-0.003806
-0.060320
-0.141477
-0.038401
0.038007
0.007754
-0.018153
-0.071770
0.093385
-0.008179
0.049496
-0.022029
0.095964
0.040731
-0.126300
0.064619
-0.055284
-0.029971
-0.076621
0.022803
-0.115639
0.038738
-0.039568
-0.013907
0.082686
0.010559
0.040324
0.085017
-0.012864
-0.031987
-0.054882
0.040908
0.000669
0.092849
-0.015627
0.018499
0.002452
-0.030968
-0.018223
-0.044621
-0.010945
-0.019156
-0.073360
0.046617
0.039907
-0.027370
0.000424
0.155403
0.033849
-0.017563
-0.021983
0.034989
0.083328
-0.102248
0.142278
0.010181
-0.018496
-0.027764
-0.150386
-0.082755
-0.074278
-0.026842
0.056232
-0.065393
-0.017044
0.151760
0.017911
0.069154
-0.013682
0.056296
0.046696
0.000618
0.050180
-0.026827
0.142468
0.055193
-0.076200
-0.001967
0.006778
-0.031045
-0.050121
-0.020644
-0.121153
-0.047847
0.048443
0.102617
-0.000846
-0.054713
0.103802
0.087972
-0.011646
0.044571
-0.074539
0.004335
-0.090253
-0.117624
-0.017594
0.041595
-0.055542
0.048440
0.026095
-0.035746
-0.078127
0.014928
-0.046729
-0.085364
-0.101168
-0.055100
0.061334
0.074818
-0.045312
0.091189
0.005544
-0.045336
0.061355
-0.057111
0.043263
0.010035
-0.027276
0.046853
0.008017
0.045493
-0.025923
0.058739
-0.027740
0.076755
-0.046872
-0.017237
0.073135
0.056077
0.004235
0.074875
0.029324
-0.042173
0.016207
0.009146
0.056239
0.061724
0.008068
0.031583
-0.055749
-0.031933
0.110789
-0.028483
0.048460
-0.016582
-0.031188
0.002980
0.044402
0.097228
-0.006717
0.095823
0.036101
-0.078528
0.050471
0.115080
-0.013022
0.102771
-0.171338
-0.059966
0.088616
0.080628
-0.133236
0.101175
0.017701
-0.029903
0.009759
0.109377
-0.000138
0.020330
0.090195
-0.003472
0.028443
-0.038094
-0.164623
-0.044383
-0.049702
0.025858
0.073688
0.085413
0.042433
0.025381
0.050817
0.075688
0.008524
0.016298
0.044298
0.017852
0.057214
-0.079137
0.048252
0.085302
0.022557
0.033171
0.086493
0.086614
-0.108709
-0.061732
0.032611
0.031661
-0.068225
-0.017841
-0.166102
0.057519
0.011657
-0.105654
-0.004100
0.034680
0.051873
0.012191
-0.016426
0.087053
-0.032734
-0.051460
-0.047866
-0.011215
-0.090307
-0.022240
0.010294
-0.056886
0.015973
0.056742
-0.014422
0.022247
-0.064062
-0.075679
-0.038465
0.013473
-0.017413
0.007331
0.039788
0.056465
-0.057132
-0.020883
0.065281
0.019211
-0.064833
0.031119
-0.025908
0.066996
0.047064
0.073880
0.011474
-0.046426
-0.096479
0.024953
-0.076811
-0.008211
0.006725
-0.041171
0.102371
-0.079608
-0.068814
-0.031041
0.020485
0.108308
-0.075972
0.011462
0.044946
0.059758
-0.054103
0.032261
0.133231
-0.074852
0.085845
0.073576
0.032275
-0.020824
0.049787
0.062567
-0.022475
0.091071
0.071862
-0.087003
-0.046258
0.074010
0.094232
-0.022634
0.148724
-0.043989
0.012579
-0.035063
-0.052909
0.052674
0.166980
0.091217
-0.002832
-0.058746
0.053426
0.036895
0.024757
-0.045480
0.089802
0.055209
0.038353
-0.069117
-0.002081
0.012042
-0.036510
-0.074204
0.057451
-0.063507
-0.088025
0.058735
0.124307
-0.004900
0.097003
0.037101
-0.009173
0.044969
0.009283
0.015758
-0.070453
-0.122293
-0.031274
-0.021420
-0.114311
0.094598
0.078796
-0.071197
0.047692
-0.088902
0.046356
-0.058049
-0.022180
-0.134007
-0.019497
0.044086
-0.001715
0.042018
0.027070
-0.077716
0.011402
-0.005909
0.005978
-0.001359
0.152193
-0.068088
0.044824
-0.102872
0.071315
-0.026455
-0.106167
0.069169
0.060544
0.020355
0.039020
0.013535
0.071119
0.002030
0.022295
-0.068263
-0.048077
0.084843
-0.047600
-0.021562
-0.037281
-0.084171
-0.042049
-0.051153
-0.004619
0.047446
-0.044085
0.074065
0.062296
