-0.103988
-0.024618
-0.075862
-0.028867
-0.022266
-0.020629
0.000041
-0.001874
0.055334
0.141877
-0.037795
0.032598
0.071045
0.072418
-0.141218
-0.011557
0.003826
-0.009413
0.011123
-0.023178
-0.058758
-0.011235
-0.000314
0.083084
0.070734
-0.089459
-0.014526
-0.038922
-0.015580
0.072840
0.071668
0.045182
0.119752
-0.058166
0.012357
-0.069466
0.015580
-0.115381
0.013841
-0.078161
-0.029619
0.023848
0.008952
-0.053329
-0.054790
-0.044701
0.011397
0.010264
-0.038175
0.029720
0.051613
-0.015855
0.033267
-0.069273
-0.000289
-0.050278
-0.075623
-0.080296
0.089936
0.046095
-0.000598
0.078178
0.072830
-0.011382
-0.050132
0.004397
0.022139
-0.052388
-0.019152
-0.040524
-0.101633
-0.122292
-0.027805
0.014323
-0.039419
0.093309
0.018489
-0.006695
0.045354
0.051299
-0.038319
0.075160
-0.035668
0.026598
0.133692
-0.027247
0.028246
-0.026693
-0.102637
-0.032131
-0.055592
-0.084752
0.028093
-0.040070
-0.069531
0.179148
0.026315
0.015319
0.090190
-0.147706
0.006132
-0.074645
0.000320
0.135303
-0.051353
0.022565
-0.075220
0.036036
-0.040675
-0.076456
0.014272
-0.007014
0.029417
0.050967
-0.076941
0.044986
0.071263
0.009039
0.047433
-0.032922
-0.081427
-0.008562
0.014229
-0.007922
-0.016511
-0.028977
0.012294
-0.058387
-0.020681
-0.051767
0.030089
0.070405
-0.044634
-0.088707
0.027448
-0.043194
0.032074
0.026928
-0.013275
-0.052150
0.043613
-0.077894
0.056526
0.086731
-0.049962
0.030551
0.057859
0.025469
-0.023436
-0.136909
-0.030717
0.048894
0.022865
-0.022338
-0.056678
0.075056
-0.025693
0.100162
-0.045245
0.129034
-0.006961
-0.155648
0.079323
-0.028910
0.022042
-0.070869
0.031823
-0.113887
0.035168
-0.003866
-0.000420
0.078968
-0.019571
0.076215
0.065300
0.031103
-0.016895
-0.030066
0.047736
0.034229
0.052739
-0.006049
0.010970
-0.011742
-0.020408
-0.006175
-0.047538
-0.014170
-0.034232
-0.087261
0.073576
0.022446
-0.005032
0.005550
0.140942
0.073399
-0.009654
-0.056834
0.035413
0.083246
-0.116652
0.126097
0.034669
0.014680
-0.039560
-0.146173
-0.111844
-0.057429
-0.048987
0.056943
-0.066620
-0.058265
0.156084
0.032845
0.076223
0.017986
0.075997
0.042989
-0.001823
0.056623
-0.009804
0.143834
0.075410
-0.094858
-0.002655
-0.017629
-0.044370
-0.054643
-0.016556
-0.153086
-0.033085
0.045303
0.079715
0.000796
-0.064491
0.118270
0.114429
-0.003155
0.031203
-0.068942
0.021676
-0.042690
-0.132228
-0.036378
0.040075
-0.026689
0.079057
0.015573
-0.033689
-0.072913
0.018309
-0.054981
-0.078237
-0.078329
-0.050886
0.074052
0.042529
-0.036433
0.010121
0.020137
-0.060222
0.082455
-0.059532
-0.013719
-0.004913
-0.029326
-0.001928
-0.010789
0.089621
-0.007922
0.070960
-0.033757
0.040230
-0.049875
-0.005102
0.049653
0.085889
-0.039994
0.070907
0.015250
-0.064339
0.016163
0.005226
0.027298
0.040167
0.028477
-0.010190
-0.064646
-0.041281
0.095393
0.011420
0.031070
-0.069158
-0.003862
0.044604
0.091924
0.112649
0.038037
0.120075
0.030301
-0.098765
0.049574
0.091782
-0.031546
0.095155
-0.171291
-0.064126
0.090094
0.078713
-0.092165
0.069357
-0.003489
-0.049384
0.032873
0.112245
0.015240
0.013480
0.091650
0.010822
0.031709
-0.014881
-0.163726
-0.083005
-0.044595
0.050620
0.081747
0.070596
-0.000311
0.058598
0.039096
0.046166
0.002593
0.004866
0.027778
0.010041
0.036680
-0.087229
0.065495
0.066203
-0.019839
0.061855
0.120392
0.083020
-0.101217
-0.062585
0.005993
0.039845
-0.053408
-0.055557
-0.106927
0.065624
0.023719
-0.125555
0.030667
-0.002849
0.049656
0.013078
-0.039277
0.092855
-0.035252
-0.025634
-0.072136
0.007693
-0.045416
0.010763
-0.030545
-0.097993
-0.042045
0.067553
0.013176
0.001022
-0.064705
-0.058504
-0.035144
-0.045426
-0.016529
0.026298
0.056510
0.110333
-0.112526
-0.042224
0.081168
0.007998
-0.013890
0.034620
-0.050159
0.065672
0.050933
0.031912
-0.010369
-0.062838
-0.055828
0.045729
-0.036424
0.024799
0.025720
-0.074818
0.062231
-0.098273
-0.117713
-0.000803
-0.003462
0.091225
-0.052824
-0.018383
0.040423
0.061994
-0.059097
0.033874
0.120672
-0.072073
0.078104
0.074699
0.019096
-0.006338
0.050698
0.023290
-0.012720
0.098907
0.058033
-0.058673
-0.014060
0.050523
0.082762
-0.020766
0.137629
-0.037584
0.041791
-0.022277
0.007220
0.048579
0.136904
0.062523
-0.035838
-0.058302
0.094103
0.015830
0.026268
-0.058649
0.103711
0.041280
0.024573
-0.055353
0.030083
0.045108
0.005874
-0.075158
0.061967
-0.066725
-0.087310
0.053900
0.137806
0.036379
0.133394
0.038819
-0.007629
0.046073
0.052968
0.018008
-0.057543
-0.127556
-0.045590
-0.051424
-0.100583
0.072753
0.044316
-0.053538
0.017577
-0.071571
0.055604
-0.082823
-0.026215
-0.153204
-0.003089
0.055784
-0.028058
0.043304
0.074621
-0.068720
-0.041638
-0.022394
-0.013570
-0.027313
0.156304
-0.071685
0.034878
-0.103941
0.027876
-0.026601
-0.111918
0.057778
0.061058
0.027397
0.011025
0.002340
0.019324
0.039465
0.026736
-0.124144
-0.018416
0.073208
-0.048990
-0.062754
-0.035560
-0.099967
-0.039521
-0.052602
-0.010831
0.037716
-0.051570
0.069318
0.022722
