0.064783
-0.072470
0.088946
-0.072894
0.034535
-0.091264
-0.066078
0.027101
-0.046795
0.041394
0.006238
-0.070885
0.061656
0.040912
-0.049857
-0.058057
0.047091
-0.050553
-0.005856
0.001885
-0.086002
0.054486
-0.109654
0.134959
-0.001599
0.005837
0.022018
-0.087224
-0.034221
0.088643
-0.091942
-0.059517
-0.045255
0.002633
0.047365
-0.019402
0.098346
-0.043155
-0.025576
-0.015865
-0.080369
0.120370
-0.013336
-0.025692
0.131364
-0.088224
0.050088
-0.064045
-0.062637
0.026851
-0.003367
0.014068
-0.029867
-0.010450
0.119921
-0.045872
0.113073
0.093683
-0.040228
0.031275
-0.042714
0.102077
0.100934
0.033026
0.019272
0.005762
-0.023449
0.066432
0.000745
0.098589
-0.041049
0.033151
-0.024754
0.044968
-0.088687
-0.044425
0.105409
-0.015842
-0.071967
0.020524
-0.059208
-0.002890
0.052399
-0.090960
0.057162
0.024140
-0.079737
-0.065974
0.047158
0.030329
0.031584
-0.067440
0.055940
0.140779
0.070193
0.059454
0.055773
0.011574
-0.028727
0.072849
0.049506
0.038262
0.046552
0.041333
0.112213
0.014165
-0.035557
-0.032834
-0.151105
0.060963
-0.027906
-0.083983
-0.110190
-0.092925
0.081341
0.081975
-0.077786
-0.112790
0.030584
-0.077823
-0.079478
-0.020715
-0.015853
0.095266
0.093192
-0.018743
-0.056856
0.028971
-0.028467
-0.078305
-0.081640
0.015826
-0.040154
0.043958
0.010049
0.062518
-0.040444
0.076338
-0.033411
0.058490
0.036818
0.030977
0.055044
-0.116824
-0.022252
-0.057646
0.050419
-0.068254
0.032356
-0.088557
0.045782
-0.058732
0.023005
-0.024263
-0.024149
-0.066353
-0.080847
0.044867
0.091249
0.112501
-0.065747
-0.001034
0.046005
-0.032144
0.005194
0.030552
-0.022234
0.143372
-0.038458
-0.027583
0.004320
0.034053
-0.016929
0.055436
0.095589
0.043926
-0.066963
-0.075932
-0.044736
0.113541
0.055499
0.027147
-0.043574
-0.060575
0.000840
-0.024929
0.022865
-0.067098
0.007356
0.011563
-0.006899
-0.042283
0.068057
0.128792
0.009254
0.085340
0.109252
-0.084741
0.047013
0.038838
-0.066164
0.018611
0.092708
0.041018
0.001805
0.013839
-0.018670
-0.018538
-0.003463
-0.066178
0.071098
-0.071997
0.008653
0.078543
0.036541
0.064388
0.083014
-0.054104
0.030495
0.077322
-0.056295
0.041358
-0.091120
-0.035226
-0.045093
-0.086535
-0.085256
0.070997
-0.020439
-0.017530
0.024171
0.074367
-0.031536
-0.019827
-0.001856
0.070670
-0.045212
0.064587
0.017078
-0.003480
0.014044
0.049584
0.016050
0.166457
0.047517
0.031226
0.071755
0.070704
-0.067473
-0.097646
0.075579
-0.005472
-0.036295
0.082840
-0.018717
0.115095
0.034719
-0.024489
-0.008999
-0.005304
-0.075482
0.076789
0.080950
-0.063591
-0.018945
-0.076066
-0.035575
-0.023713
0.168670
0.036398
0.004147
0.013972
0.009321
-0.067661
0.024675
0.077416
0.055078
-0.085924
0.023857
0.073358
-0.134142
0.048839
-0.055620
-0.007850
-0.031732
0.117226
-0.136289
-0.018159
-0.068678
0.034960
-0.083559
0.014203
-0.055732
0.076630
-0.110934
-0.094110
0.060887
0.068198
0.058174
0.043062
-0.131066
0.068270
0.034398
0.053840
0.018039
-0.061209
-0.069118
0.094661
0.106734
-0.057769
0.088358
-0.060514
-0.049113
0.021697
0.005152
0.025148
-0.088594
0.077069
-0.000651
0.063664
0.044738
-0.104958
-0.125209
-0.047739
0.065502
0.097130
0.024547
-0.014722
0.023057
-0.039432
0.020440
-0.119363
-0.025068
0.051668
-0.050532
0.057720
-0.064542
-0.053689
0.011468
0.142427
0.032204
0.056851
0.096222
-0.020715
-0.016634
-0.007427
0.003407
0.005692
-0.061416
-0.045265
0.013403
0.023774
-0.046170
0.059206
0.015119
0.076198
0.008383
-0.014407
0.017349
-0.067656
0.055455
-0.020619
-0.028710
0.031337
0.093548
-0.111637
-0.071198
-0.109642
0.036502
0.009410
-0.038708
-0.028199
-0.029620
0.027944
0.059255
-0.038982
0.104748
0.030019
0.138166
-0.149102
-0.092171
0.047598
-0.045606
-0.054436
0.048396
-0.098090
0.091808
0.011144
-0.007235
-0.024945
-0.019010
0.002117
0.018459
-0.018077
0.047026
0.059023
-0.053801
0.049566
-0.039945
-0.129684
-0.004406
-0.002618
0.075656
0.082550
-0.065446
-0.039627
-0.005287
0.086464
0.039350
0.060065
-0.070335
0.095146
0.051184
0.025336
0.094118
0.056679
-0.035921
0.012426
0.100881
-0.022436
0.030816
0.016424
-0.012933
0.076488
-0.010823
0.027753
-0.030211
0.048213
-0.036844
-0.030896
0.072907
0.088145
-0.062948
0.027269
-0.071546
0.047989
-0.017633
0.057401
-0.101865
-0.006032
-0.007353
0.040036
0.008705
0.035539
0.064573
-0.016720
-0.075643
0.077597
0.047294
-0.049467
0.064617
0.043464
-0.032293
0.115799
0.143745
-0.027014
0.047150
0.032490
0.026518
0.013972
-0.050445
-0.081895
0.042723
-0.070762
0.011567
-0.015241
-0.041564
0.036011
-0.063224
0.035132
-0.061233
-0.046896
-0.048781
-0.010694
0.180972
-0.058824
0.046917
0.073112
-0.031383
0.040882
0.018598
0.020624
-0.169360
0.053333
-0.094723
0.044825
-0.047010
0.037283
0.034884
-0.042898
-0.023410
0.062396
0.075659
-0.050302
0.044938
-0.053429
0.076708
0.050555
-0.048371
-0.040027
0.003673
0.007173
-0.047552
-0.061548
-0.000865
-0.055294
-0.062416
-0.015662
0.050072
-0.089777
0.087969
-0.084421
