-0.123435
-0.043646
-0.058821
-0.066026
-0.032805
-0.013176
-0.050839
0.054269
0.033201
0.129738
-0.096288
0.042496
0.067994
0.043869
-0.057953
0.001561
-0.037224
-0.044237
-0.081734
0.048238
-0.060435
-0.033693
0.054337
0.026950
0.090539
-0.127644
-0.037597
0.002748
-0.034063
0.059039
0.100049
0.015743
0.128407
-0.033913
0.024084
-0.084942
-0.022764
-0.073705
-0.031134
-0.021902
-0.093271
0.041421
0.008360
-0.008756
-0.077896
-0.048966
-0.039013
-0.010397
-0.060574
0.059781
0.047846
0.002971
0.047225
-0.061268
0.053101
-0.043690
-0.077203
-0.091528
0.034034
0.008528
-0.025130
0.142732
0.029334
0.004431
0.004286
0.025476
0.010525
-0.056201
-0.031271
-0.054868
-0.090779
-0.106898
-0.049073
0.045305
-0.085525
0.042774
-0.008230
0.018891
0.011167
0.067473
-0.028062
0.060202
-0.042943
0.011360
0.173856
-0.030092
0.029511
-0.013157
-0.026883
0.003756
-0.046582
-0.074264
0.055769
0.037763
-0.115148
0.124237
0.027869
0.025204
0.088329
-0.124975
-0.088989
-0.049419
-0.023780
0.077764
-0.006094
0.036760
-0.038788
0.014728
-0.011814
-0.092503
0.029237
-0.038846
0.001873
-0.003448
-0.025555
0.069685
0.002585
-0.046665
0.109047
-0.064546
0.031974
-0.051418
0.040801
0.007839
-0.012754
0.004792
-0.039584
-0.069090
-0.004275
-0.019271
0.017920
0.050809
-0.070151
-0.039601
0.062833
0.054622
0.085927
0.070255
-0.046234
0.052231
0.036778
-0.063842
0.073775
0.013645
-0.097208
0.022063
0.064955
0.050775
-0.006930
-0.111453
-0.041606
0.033576
0.079133
-0.077444
-0.046883
0.085975
-0.049208
0.125542
-0.075977
0.146109
0.061346
-0.125115
0.056005
0.012241
0.076420
-0.048784
0.010954
-0.104040
-0.005809
0.025279
-0.030742
0.091124
-0.070142
0.126100
0.072977
0.059533
-0.046478
-0.046806
0.043321
-0.006268
-0.017104
-0.021204
0.005552
0.026389
0.012232
0.080411
0.026063
-0.004147
0.061431
-0.094297
0.117051
0.006632
0.013409
0.007345
0.159135
0.012371
-0.009189
-0.103497
0.011560
0.082120
-0.098144
0.098376
0.024047
0.050464
0.003433
-0.082350
-0.097030
-0.044758
-0.036672
0.019744
-0.077901
-0.081374
0.185210
0.040650
0.062671
0.051597
0.092326
-0.000578
0.009013
0.000335
-0.039157
0.088689
0.044054
-0.030569
0.030110
-0.017760
-0.097182
-0.040035
-0.049284
-0.111850
-0.014379
0.079713
0.101986
0.052441
-0.028632
0.120963
0.008331
0.008825
-0.001972
-0.035858
0.005404
0.034973
-0.064746
-0.029483
0.032485
0.028848
0.115680
0.040429
-0.065143
-0.024175
0.003897
-0.085472
-0.067750
-0.024075
-0.030087
0.064027
0.063619
-0.015684
0.032684
0.006447
-0.043972
0.075702
-0.011796
-0.004997
-0.010186
-0.030477
0.038791
0.010230
0.104022
-0.007218
0.067929
-0.030109
0.085206
-0.045166
-0.012488
0.077010
0.023636
0.045209
0.034352
0.066570
-0.107257
0.012353
-0.005411
0.092510
0.012074
0.083419
0.044218
-0.033364
-0.016214
0.095156
-0.001721
0.056403
-0.097642
0.045691
-0.003998
-0.001164
0.103018
0.026823
0.098929
0.029670
-0.097750
0.045479
0.098995
-0.019359
0.124831
-0.110639
-0.056733
0.092496
0.035399
-0.060866
0.084168
-0.028994
-0.011746
-0.003937
0.060502
0.020792
-0.006225
0.135244
0.013618
0.054358
0.001962
-0.165919
-0.063787
-0.039812
0.034028
0.065827
0.066965
0.039404
0.088313
0.025179
0.003764
-0.025769
0.034678
0.051435
-0.003408
0.080614
-0.054400
0.035852
0.071099
0.004985
0.025529
0.168577
0.098206
-0.123484
-0.038253
0.008748
-0.031253
-0.033904
-0.032746
-0.152034
0.063633
0.092284
-0.152045
0.016896
0.018789
0.047205
0.004317
-0.035311
0.044262
-0.022753
-0.058761
-0.058632
-0.024424
-0.015040
0.011508
-0.007303
-0.062676
-0.052170
0.060649
0.007585
-0.010619
-0.024007
-0.096139
-0.044703
0.009879
-0.069468
0.076931
0.035167
0.110610
-0.092061
-0.090420
0.039627
-0.056592
-0.060634
0.030776
-0.049621
0.049369
0.052102
0.036518
0.002896
-0.089530
-0.086932
0.043748
-0.035034
0.010551
0.012780
-0.039519
0.032176
-0.046927
-0.147376
-0.003683
0.032071
0.034286
-0.062095
0.006275
0.013002
0.055670
-0.025507
0.022472
0.090565
-0.061905
0.062481
0.110035
0.007321
-0.041165
0.038314
0.055432
-0.033881
0.087452
0.054252
-0.075905
-0.039156
0.060913
0.058385
-0.032136
0.181763
-0.047194
0.006400
0.014075
-0.033003
0.010555
0.131044
0.045876
-0.027288
-0.048042
0.031479
0.041592
0.021819
-0.089269
0.074872
0.053904
0.042937
-0.037079
-0.040930
0.047775
-0.062095
-0.057218
0.042019
-0.028611
-0.058806
0.048810
0.104877
-0.016167
0.129336
0.005375
-0.074014
0.039039
0.080880
0.015107
-0.002012
-0.109408
-0.028697
-0.027291
-0.051072
0.082143
0.087286
-0.042999
0.028029
-0.063588
0.034331
-0.089196
-0.016175
-0.139162
-0.031808
0.066044
-0.078189
0.036395
0.065562
-0.063969
0.007677
0.008465
-0.000436
-0.018041
0.219981
-0.094810
0.001506
-0.071133
0.107090
-0.035850
-0.041645
0.045128
0.080443
0.026729
-0.005175
-0.001040
0.002396
0.038282
0.014658
-0.147580
-0.002180
0.078075
0.029036
-0.040804
-0.020731
-0.057985
-0.022826
-0.044326
-0.024746
0.021578
-0.050439
0.062134
-0.002212
