-0.083467
0.018680
-0.034698
-0.026127
-0.052147
0.010984
0.002659
0.017113
0.032943
0.132832
-0.030754
-0.019308
0.026581
0.046200
-0.084101
0.005561
-0.004510
0.001610
-0.043562
-0.011446
-0.059055
-0.001935
0.013998
0.063781
0.033311
-0.137560
-0.017624
0.021184
-0.012050
0.051182
0.037664
0.000387
0.083062
-0.045533
0.006314
-0.024336
-0.033875
-0.102466
-0.000883
-0.074611
-0.043831
0.014708
0.017927
-0.011613
-0.113250
-0.052274
0.032087
0.049813
-0.064880
0.001340
0.012305
-0.019731
0.035267
-0.046865
-0.003734
-0.060122
-0.046554
-0.059378
0.021531
0.052141
-0.036965
0.126935
0.053680
-0.018504
0.013476
-0.013291
0.043070
-0.058202
0.006632
-0.040116
-0.086980
-0.137375
-0.047808
0.019721
-0.078585
0.067355
-0.051618
-0.004248
0.026577
0.037564
-0.030774
0.069647
-0.026019
0.026603
0.159989
-0.066611
0.056153
0.001594
-0.099883
-0.049587
-0.061451
-0.051186
0.034429
-0.036037
-0.095282
0.177022
0.060050
0.041851
0.098937
-0.162900
-0.028181
-0.091093
-0.015010
0.072922
-0.030493
0.042817
-0.093242
-0.025714
-0.043680
-0.106413
0.049987
0.041037
0.051903
0.012825
-0.089153
0.095711
0.032925
-0.026714
0.040583
-0.034700
-0.050619
-0.034468
0.015992
-0.002317
-0.042069
-0.048147
-0.015983
-0.107051
-0.003190
0.016260
0.020347
0.065706
-0.040886
-0.066981
0.042528
-0.043825
0.043988
-0.033687
0.043853
-0.068074
0.012353
-0.084829
0.046466
0.028973
-0.062221
0.051047
0.062804
0.003316
-0.037181
-0.113200
-0.075646
0.086886
-0.015066
-0.001174
-0.073463
0.079285
-0.044768
0.102991
-0.039028
0.135801
0.000251
-0.111803
0.050530
-0.042203
0.063475
-0.096768
0.052183
-0.102585
0.036961
-0.016982
0.004010
0.102288
-0.041565
0.081468
0.045954
0.052643
-0.052259
-0.023739
0.033311
-0.013547
0.009277
-0.039682
0.002074
-0.003908
0.001080
0.080591
-0.020593
-0.050517
-0.063949
-0.145280
0.107345
0.061327
-0.014201
-0.010232
0.148284
0.032863
0.038053
-0.050322
0.029437
0.050860
-0.088907
0.086665
0.043843
0.005758
-0.012139
-0.050829
-0.097056
-0.064737
-0.092962
0.054526
-0.071355
-0.019220
0.160771
-0.039033
0.063886
0.022242
0.081038
0.039479
-0.000128
0.074864
-0.002626
0.090441
0.018423
-0.043721
0.072453
0.016199
-0.098851
-0.034258
-0.027595
-0.187342
-0.037000
0.054435
0.107123
0.007050
-0.083070
0.186947
0.056206
0.015123
0.023778
-0.048713
0.016721
-0.022673
-0.109997
-0.057062
0.025574
0.025683
0.033139
0.051254
-0.067924
0.006230
0.042351
-0.072388
-0.069410
-0.105758
-0.053103
0.025548
0.089733
-0.033713
0.046961
-0.046833
-0.051624
0.057293
-0.081456
-0.029646
-0.051107
-0.026675
0.079914
0.028009
0.055288
0.009613
0.067890
-0.025455
0.023098
-0.056743
0.002788
0.055277
0.085589
0.061749
0.067820
0.004804
-0.030893
0.005661
0.039816
0.070794
0.009353
0.066174
0.034111
-0.032777
-0.013787
0.113156
0.050029
0.044005
-0.071344
-0.009813
0.056697
0.097474
0.113544
0.089510
0.051023
-0.007537
-0.053031
0.058913
0.027903
-0.056321
0.052487
-0.131750
-0.055104
0.077326
0.015389
-0.056391
0.056614
0.023712
-0.017891
-0.011008
0.065697
0.041236
0.023952
0.126771
0.002327
0.027101
-0.067222
-0.122493
-0.026333
-0.043551
0.050061
0.051652
0.075262
0.034159
0.098437
0.023953
-0.009523
0.029801
0.024966
0.043126
0.022424
0.050515
-0.049822
0.077500
0.097988
-0.057892
0.079051
0.123425
0.038065
-0.097617
-0.009014
0.048685
0.011108
-0.084025
-0.049203
-0.071853
0.097360
0.084112
-0.099595
-0.014833
0.019663
0.057965
-0.006066
-0.051324
0.023300
-0.029902
-0.067066
-0.074359
0.020182
-0.026569
-0.011720
-0.026678
-0.054646
-0.056689
0.125971
0.048675
0.025665
-0.019213
-0.100740
-0.070997
-0.064751
-0.073093
0.001811
0.047074
0.123145
-0.080121
-0.031704
0.035666
-0.059454
0.011627
0.053596
-0.012409
0.014325
0.032027
0.034872
-0.014870
-0.080981
-0.058028
0.083483
-0.025436
-0.014699
0.044471
-0.072144
-0.011965
-0.067816
-0.166505
-0.052766
-0.006789
0.063137
-0.112369
0.027456
0.061402
0.038910
-0.009674
0.038214
0.044408
-0.087954
0.036290
0.085034
0.007172
-0.026086
0.041014
0.066076
-0.002165
0.076420
0.106188
-0.040187
0.000127
0.081788
0.063639
-0.029510
0.192368
-0.027501
0.039133
-0.011272
0.012308
0.013218
0.104169
0.028556
-0.058437
-0.066927
0.047966
0.048213
0.029098
-0.020045
0.112189
0.019739
0.030958
-0.049573
-0.074028
0.074341
-0.025859
-0.066415
0.054634
-0.115062
-0.063967
0.062073
0.070978
-0.026651
0.092589
-0.031567
-0.065329
0.050513
0.097265
0.021935
-0.045298
-0.112183
0.016880
-0.064174
-0.065566
0.066275
0.067886
-0.070780
0.011392
-0.081946
0.096798
-0.067430
-0.011251
-0.141578
-0.008057
-0.012308
-0.076633
0.051240
0.047993
-0.066258
-0.024237
-0.019858
-0.016248
0.050420
0.223367
-0.005328
-0.010371
-0.077112
0.103705
-0.051463
-0.053987
0.038542
0.070846
-0.016622
0.026213
-0.018943
0.039178
0.017458
0.038491
-0.155739
0.011935
0.107333
-0.019499
-0.070284
-0.011359
-0.076661
-0.006168
-0.065594
-0.021602
0.000015
-0.041163
0.072766
0.004024
