0.033980
-0.049124
0.031614
-0.049569
0.043625
-0.014925
-0.022497
-0.035931
0.004216
0.126182
-0.041384
-0.056102
0.070297
0.020987
-0.092036
-0.082924
0.041999
-0.013922
-0.023483
-0.017004
-0.070658
-0.022223
-0.067728
0.097356
0.099304
-0.007823
0.044266
-0.058320
-0.038078
0.050927
-0.038023
-0.035755
0.032985
-0.003511
0.042110
-0.018501
0.066672
-0.060193
-0.008583
-0.023662
-0.028882
0.087080
-0.030352
-0.076788
0.046412
-0.052911
0.059739
-0.045343
-0.072246
0.006139
0.005896
-0.047234
-0.044960
-0.024550
0.056538
-0.024001
0.038522
0.024365
0.022190
0.094371
-0.006807
0.117479
0.063326
-0.002665
-0.054816
-0.014482
0.023308
-0.003308
-0.005255
0.059898
-0.103550
-0.033218
-0.080108
0.025570
-0.110561
-0.008955
0.002656
0.003907
-0.002902
0.024372
-0.127524
0.068006
0.060532
-0.064741
0.156912
-0.003205
0.006623
-0.034927
-0.064169
0.018590
-0.062169
-0.075061
-0.016082
-0.008945
-0.031354
0.159152
0.017738
0.033999
0.017742
-0.087224
-0.000088
-0.027885
0.058173
0.118744
0.024731
0.052720
-0.074537
-0.033245
-0.142727
-0.007324
0.056513
0.044632
0.001330
-0.049176
-0.020131
0.029575
0.062940
-0.041205
-0.049126
-0.051985
-0.131939
-0.076806
-0.042271
0.097602
-0.011536
-0.021441
0.004122
-0.036041
0.031711
-0.008561
-0.080405
0.036610
-0.054963
-0.030512
0.070670
-0.035122
-0.036388
-0.003308
-0.020756
-0.100734
0.069354
-0.078208
0.060366
-0.030263
-0.043594
-0.002340
0.059817
-0.001170
0.030485
-0.107435
-0.000033
0.092775
-0.034876
0.050799
-0.056043
-0.011858
-0.076013
0.070407
0.016787
0.143193
-0.078432
-0.116205
0.051953
-0.072247
-0.005372
-0.005688
0.056926
0.009942
0.030512
-0.069037
0.004865
0.042140
-0.036138
0.076387
0.055726
0.116686
-0.023265
-0.085135
-0.013671
0.048767
0.106933
0.022042
-0.024557
-0.144208
-0.020193
-0.016771
0.014388
-0.073644
-0.082191
-0.113565
0.076775
0.034704
-0.004543
0.062054
0.076282
0.118998
0.121171
-0.008911
0.031420
0.068286
-0.106093
0.057220
0.064072
0.016622
-0.033914
-0.017132
-0.103098
-0.053306
-0.090322
-0.035014
-0.026251
-0.083868
0.115245
0.034266
0.138004
0.033903
0.019212
0.026102
-0.011623
0.112892
0.005976
0.132908
-0.037006
-0.055883
-0.005429
-0.033590
-0.141810
0.063847
0.015262
-0.168886
0.043926
0.077965
0.067621
-0.028837
-0.060790
0.146202
0.060250
0.005172
0.041448
-0.065891
0.031763
0.013799
-0.080081
0.019904
-0.004927
0.035753
0.062155
0.042284
-0.021764
-0.031198
0.105462
-0.076655
-0.042765
0.013936
-0.010395
0.137254
0.003710
-0.012704
-0.007196
0.001114
-0.084612
0.055242
-0.036158
-0.066753
-0.109924
-0.053074
-0.000020
-0.072676
0.037026
-0.004162
0.007705
-0.051909
0.020415
-0.071979
0.031031
0.099754
0.106556
-0.010368
0.077894
-0.049277
-0.093347
0.031600
0.014133
-0.017715
-0.067263
0.065485
-0.033300
-0.022126
-0.041962
0.101769
0.027250
-0.033531
-0.027477
0.098284
0.024886
-0.017742
0.094241
0.111952
0.041788
0.013090
-0.067301
0.078158
0.051724
0.013539
0.029743
-0.128152
-0.072220
0.074895
-0.029138
-0.051067
0.029133
0.014335
-0.086387
0.040631
0.061647
-0.015601
0.019675
0.087621
0.080082
0.069566
-0.082466
-0.108195
-0.043399
-0.138845
0.105259
0.081888
0.032564
0.032234
0.056601
-0.013820
-0.034265
0.064151
0.056810
0.047287
-0.007671
0.030812
-0.007547
0.041781
0.070324
0.007674
0.106741
0.081856
0.073813
-0.076811
-0.069549
0.087739
-0.011261
-0.034778
-0.042038
-0.080336
0.070775
-0.000063
-0.074340
0.045696
0.006658
0.079934
0.020558
-0.103473
0.025912
-0.061249
-0.027360
-0.087671
-0.094976
-0.077622
0.054070
-0.027804
-0.055320
-0.109827
0.021898
0.046452
0.046695
-0.090810
-0.031443
-0.092666
-0.021496
-0.143432
0.059541
0.031739
0.128429
-0.087009
-0.037769
0.023658
-0.053834
0.007112
0.066168
-0.049047
-0.006025
-0.002258
0.022753
-0.031965
-0.090643
-0.031879
0.028290
0.033122
-0.015553
0.111274
-0.094164
-0.008500
-0.099784
-0.123965
-0.037892
-0.011867
0.117414
-0.068730
-0.022034
0.017434
0.016970
0.039842
0.051193
0.065759
-0.088081
0.063901
-0.012942
-0.009615
-0.012937
-0.003416
0.047602
0.041979
0.053313
0.086362
-0.018362
-0.027980
0.062506
0.086913
-0.083688
0.078443
-0.041267
0.076385
-0.025007
0.000008
-0.011047
0.056497
-0.074481
0.014268
-0.086274
0.009441
-0.023826
0.058779
-0.115349
0.084423
0.049676
0.029521
-0.008863
-0.051206
0.023499
0.007705
-0.085298
0.074994
-0.079327
-0.083412
0.074222
0.137688
-0.032666
0.040260
-0.013457
0.002532
0.071102
0.136727
0.020290
-0.017884
-0.109143
-0.016887
-0.067022
-0.138079
0.024622
0.058072
-0.066807
0.034355
-0.094725
0.020845
-0.011043
-0.030232
-0.062637
-0.019795
0.011602
-0.104525
0.059680
0.042912
-0.075887
0.023002
-0.036826
-0.036259
0.015418
0.163564
-0.079642
-0.042987
-0.062936
0.062628
-0.002867
-0.020057
0.004228
0.081924
0.052205
-0.072821
-0.005016
-0.036981
0.054571
0.025412
-0.118205
-0.039224
0.055488
-0.023387
-0.008024
-0.032436
-0.063232
-0.041948
-0.080004
-0.051811
0.027954
-0.109733
0.094370
-0.002044
