-0.123202
0.037823
-0.064642
0.041679
-0.068420
-0.039059
0.012920
0.011826
0.025156
0.154356
-0.006974
-0.030793
0.028169
0.043147
-0.075390
-0.014162
0.022206
-0.042111
-0.000082
-0.044664
-0.054225
-0.009985
0.037519
0.092402
-0.039787
-0.103049
-0.018692
0.051467
-0.002573
0.060193
0.037200
0.012882
0.118647
0.017757
-0.003961
0.000647
-0.041971
-0.119480
-0.000635
-0.080979
-0.091801
0.002849
0.050232
0.026494
-0.054426
-0.040233
-0.007346
0.089997
-0.112241
-0.044356
0.069635
0.027723
-0.039009
-0.045522
0.056336
-0.070023
-0.045196
-0.082695
0.015299
0.009167
-0.035208
0.088775
0.060852
-0.008726
0.003634
-0.017602
0.070603
-0.077257
0.008527
-0.019923
-0.100533
-0.079005
-0.025246
0.028508
-0.051373
0.154215
0.040750
-0.017692
0.021053
0.074783
0.051300
0.112352
-0.003084
0.048817
0.077940
-0.043693
0.027663
-0.029639
-0.052735
-0.026534
-0.012844
-0.087172
0.017856
-0.039836
-0.087624
0.196177
0.050162
0.018075
0.072076
-0.114777
0.008572
-0.090437
-0.050183
0.134030
-0.022012
0.011451
-0.059115
-0.001038
-0.047538
-0.133285
0.023484
0.015382
-0.025803
0.066307
-0.074370
0.084194
0.053249
0.022705
-0.005507
-0.014907
-0.036637
0.005639
0.006135
-0.043253
0.015884
-0.011726
-0.020076
-0.050348
0.009567
-0.021069
-0.026509
0.100352
-0.089313
0.000132
0.043947
0.054897
0.032222
-0.029854
-0.058471
-0.107186
0.016156
-0.119513
0.069553
0.073985
-0.018924
-0.008890
0.008952
0.080435
-0.083161
-0.069043
-0.023211
0.098678
-0.002815
0.012775
-0.066373
0.132939
-0.046954
0.071017
-0.032687
0.088863
-0.005046
-0.152242
0.076837
-0.057870
0.031597
-0.069641
0.022886
-0.110790
0.019289
-0.016357
0.013891
0.062574
-0.065062
0.069140
0.056324
0.052046
-0.090884
0.015766
0.051202
-0.014152
0.042145
-0.009441
0.016968
-0.041333
0.012114
0.050562
-0.057729
-0.003083
-0.039642
-0.050181
0.014479
0.045566
-0.007082
0.007295
0.146724
0.069759
-0.000279
-0.059283
0.115536
0.004874
-0.053463
0.116951
0.019549
-0.016779
-0.043080
-0.148068
-0.111821
-0.029467
-0.066397
0.082945
-0.101684
-0.077759
0.128017
-0.057236
0.054667
-0.013233
0.067886
0.046462
0.030004
0.088612
0.003342
0.096645
0.050970
-0.070551
0.015078
0.031544
-0.085133
-0.097210
-0.009814
-0.106800
-0.058067
-0.013892
0.094123
0.032385
-0.013145
0.094011
0.038953
-0.027935
0.041634
-0.072275
0.026095
-0.023113
-0.096020
-0.088946
0.069424
-0.028288
0.052131
0.040178
-0.012122
0.009081
0.091397
-0.036531
-0.104633
-0.036967
-0.078607
0.020199
0.064423
-0.069895
0.109756
0.000096
-0.013858
0.063408
0.024748
0.044938
-0.028493
-0.008658
0.080973
0.035119
-0.010803
-0.030444
0.034904
-0.041000
0.103341
-0.024734
-0.085032
0.061244
0.025411
0.085279
0.048686
0.058922
-0.067036
-0.007384
0.006801
0.121551
0.017814
0.041332
0.103339
-0.086628
0.003429
0.128057
0.018969
-0.016088
-0.011012
0.071958
0.032041
0.008963
0.059270
0.004457
0.036497
0.021068
-0.054191
0.026787
0.141842
-0.044462
0.127400
-0.093668
-0.033001
0.021355
-0.069065
-0.102099
0.102160
0.006739
-0.005595
0.006338
0.117798
-0.071442
0.017775
0.125462
-0.018844
0.014247
-0.021806
-0.122820
0.015515
-0.004069
-0.031319
-0.004931
0.033223
0.040415
0.063185
0.050941
0.036852
0.014115
0.004279
0.053861
-0.004873
0.095036
-0.034086
0.035021
0.083629
-0.038597
0.012940
0.141326
0.036407
-0.085577
-0.007494
0.054320
-0.085020
-0.069667
-0.021867
-0.173818
0.001735
0.083790
-0.104403
0.011988
-0.004982
0.030489
0.001346
0.026010
-0.020300
-0.002332
-0.098047
-0.022859
0.009719
-0.079372
-0.098501
0.021758
0.000848
-0.036563
0.038561
-0.062877
0.028900
-0.052209
-0.076467
-0.069501
-0.036464
-0.044900
-0.012313
0.058176
0.087652
-0.027009
-0.004457
-0.017485
-0.049705
-0.096329
0.012229
-0.009692
0.000917
-0.027524
0.066941
0.031564
-0.114793
-0.077993
0.049544
-0.026666
-0.122442
-0.083356
-0.002929
0.097723
-0.051053
-0.028563
-0.023164
0.015715
0.053814
-0.088700
0.064122
0.013795
0.029398
-0.071587
0.005069
0.121671
-0.055497
0.041060
0.080261
-0.009605
-0.081160
0.003149
0.050523
-0.056910
0.056066
0.080660
-0.063532
-0.085730
0.112350
0.042091
-0.047870
0.187647
-0.013077
-0.018321
-0.040952
-0.021101
-0.037234
0.130829
0.112774
0.040183
-0.029066
-0.011168
0.083606
-0.000996
0.001160
0.037276
0.058918
-0.033085
-0.073371
-0.008070
0.013854
-0.139515
-0.055333
0.032259
-0.005461
-0.048192
0.036870
0.065585
-0.002149
-0.016944
-0.013067
-0.105974
0.016827
0.024084
-0.006867
-0.008686
-0.096769
0.017823
-0.018989
-0.087105
0.118200
0.109437
-0.057220
0.001950
-0.055754
0.025413
-0.084566
-0.002648
-0.155996
-0.088980
-0.028516
-0.007230
0.032336
0.014312
-0.091148
0.009014
-0.001564
-0.015796
0.073439
0.192131
-0.059656
0.011045
-0.041524
0.055065
-0.046383
-0.069675
0.055504
0.066598
-0.009950
0.050459
0.018472
0.076965
-0.010553
-0.017943
-0.057265
0.012898
0.113156
0.031151
-0.004644
-0.024556
-0.112171
-0.016795
-0.026125
-0.008776
0.018553
-0.058580
0.049066
0.108127
