-0.041533
0.018602
-0.039350
-0.004098
-0.018512
0.009206
0.000287
-0.032819
0.031422
0.135153
-0.046462
-0.031216
0.024220
0.032444
-0.106907
-0.056277
0.011625
0.019678
0.004894
-0.051062
-0.044179
-0.041695
-0.004634
0.102399
0.072264
-0.070600
-0.010387
0.006903
-0.006574
0.065822
0.029198
0.009835
0.074609
-0.065708
0.013498
-0.018507
-0.009280
-0.099517
0.006145
-0.089722
-0.023426
0.036463
-0.021781
-0.043899
-0.062105
-0.037855
0.042971
0.030148
-0.086689
-0.007847
0.028012
-0.038654
-0.002740
-0.043239
-0.043255
-0.065217
-0.015511
-0.064060
0.074529
0.076235
-0.011920
0.106273
0.026292
-0.010547
-0.050148
-0.016476
0.012844
-0.019971
-0.004298
-0.008411
-0.079477
-0.081358
-0.058447
0.011318
-0.078695
0.055304
-0.051035
0.004540
0.007476
0.057308
-0.066568
0.090638
0.014708
-0.008237
0.125296
-0.046417
0.031244
-0.011181
-0.103879
-0.026122
-0.080518
-0.074236
0.022628
-0.081456
-0.099354
0.195030
0.034525
0.009747
0.065471
-0.158305
-0.008528
-0.087856
0.015515
0.130500
-0.042214
0.063093
-0.117537
0.012403
-0.095402
-0.061708
0.056354
0.071834
0.063324
0.010119
-0.078596
0.031422
0.068799
0.031176
-0.032950
-0.009329
-0.084592
-0.036898
0.000920
0.018079
-0.042403
-0.012725
-0.003118
-0.056266
0.028812
0.009616
-0.051628
0.048303
-0.034099
-0.054453
0.054449
-0.058342
0.043224
-0.041883
-0.026013
-0.119218
0.063660
-0.093233
0.031151
0.063241
-0.068826
0.042378
0.059993
-0.024094
-0.032583
-0.119539
-0.050199
0.099519
-0.040671
0.033002
-0.052515
0.037275
-0.065645
0.067611
-0.013053
0.154344
-0.038836
-0.137509
0.077224
-0.072369
-0.007268
-0.056214
0.062637
-0.104582
0.054349
-0.049283
0.027662
0.057175
-0.037481
0.058337
0.056402
0.068463
0.005031
-0.054316
0.007513
-0.014046
0.083233
-0.031382
-0.006631
-0.058174
-0.005048
0.012713
-0.014420
-0.056448
-0.084249
-0.135894
0.068754
0.024150
0.003494
0.023797
0.147303
0.106258
0.046368
-0.019612
0.029166
0.040493
-0.089029
0.078904
0.042882
-0.009474
-0.053342
-0.068568
-0.106459
-0.059475
-0.059516
0.048007
-0.036514
-0.043508
0.118476
-0.016334
0.088044
0.020510
0.045161
0.064368
-0.026400
0.099033
0.017532
0.125461
0.026256
-0.109679
0.022714
-0.012882
-0.107025
-0.052641
-0.020463
-0.173855
-0.002330
0.066648
0.109247
-0.035685
-0.061055
0.149628
0.073987
0.002626
0.035070
-0.042213
-0.013665
-0.032363
-0.140642
-0.073775
0.008201
0.014994
0.050334
0.046096
-0.032901
0.006198
0.066606
-0.078007
-0.058868
-0.082986
-0.027777
0.066615
0.078230
-0.074502
0.049450
0.006706
-0.051365
0.083411
-0.108217
-0.055732
-0.015336
-0.027362
0.049632
0.013415
0.045404
0.005928
0.048411
-0.006906
0.064309
-0.049686
0.003740
0.024869
0.104359
0.053877
0.088105
0.032848
-0.056941
0.014441
0.011384
0.054216
0.032921
0.043445
0.031987
-0.083698
-0.015008
0.100632
0.004841
0.005755
-0.022367
-0.058433
0.094550
0.153328
0.068630
0.030557
0.049833
0.033861
-0.069436
0.053037
0.033340
-0.093337
0.011062
-0.159970
-0.047030
0.044505
0.026507
-0.052957
0.074886
0.028610
-0.051428
0.041208
0.125651
0.040111
-0.018405
0.090108
0.036673
-0.018043
-0.017868
-0.156472
-0.010260
-0.034417
0.084860
0.052639
0.041057
-0.020267
0.082441
0.061940
0.024180
-0.034257
-0.032019
0.006266
0.024615
0.041337
-0.088773
0.061430
0.101751
-0.042996
0.075714
0.082162
0.079608
-0.073439
-0.019665
0.027767
0.059149
-0.060430
-0.086860
-0.058094
0.083742
0.052225
-0.088354
0.022378
-0.061886
0.048118
-0.007812
-0.020006
0.006102
-0.031288
0.016123
-0.068089
0.027077
-0.064792
-0.006543
-0.015795
-0.066739
-0.064036
0.119341
-0.006444
0.042783
-0.044434
-0.043502
-0.074912
-0.096870
-0.014190
-0.053175
0.095937
0.127115
-0.087119
0.000596
0.066940
0.029332
-0.014173
0.044656
0.007112
0.043780
-0.011036
0.002962
-0.015667
-0.056636
-0.085072
0.121132
0.000601
-0.046322
0.037940
-0.113974
0.037527
-0.061754
-0.135070
-0.045047
0.004110
0.059789
-0.041020
0.003412
0.062763
0.071515
-0.027392
0.014814
0.116168
-0.077003
0.039432
0.103145
-0.001335
-0.012509
0.014664
0.024062
-0.064927
0.102357
0.128979
-0.033685
0.014669
0.047932
0.069819
-0.017146
0.118582
-0.063477
0.057361
-0.026043
0.017747
0.016553
0.092760
0.057449
-0.020608
-0.063835
0.062573
0.069833
0.024292
0.002356
0.134257
0.027107
0.068514
-0.056073
-0.018339
0.102396
-0.012924
-0.063822
0.058434
-0.084033
-0.067417
0.059755
0.078166
0.043594
0.140276
-0.014652
-0.003199
0.046534
0.041597
0.032295
-0.028626
-0.126908
-0.007807
-0.016449
-0.078724
0.066475
0.017479
-0.075600
0.031412
-0.080378
0.062144
-0.070061
-0.022264
-0.136408
0.054511
0.055675
0.000887
0.048603
0.049453
-0.138611
-0.038765
-0.063886
-0.063573
-0.002629
0.166752
-0.051015
-0.003799
-0.068370
0.056700
-0.005517
-0.068502
0.059453
0.073213
-0.025923
0.030967
-0.027102
0.009760
-0.031022
0.037576
-0.079916
-0.010831
0.077355
-0.067418
-0.079206
-0.011683
-0.130453
0.000921
-0.054137
-0.006638
0.021031
0.014641
0.066768
0.057313
