-0.072915
0.035558
-0.029483
0.000470
-0.032186
-0.009493
0.002669
0.002782
0.053912
0.163854
-0.016345
0.004650
0.032828
0.048900
-0.128151
-0.020262
0.005510
0.007404
-0.015475
-0.040730
-0.038991
-0.016471
0.016776
0.085133
0.034834
-0.097855
-0.005947
0.022752
-0.028773
0.053693
0.048679
0.009944
0.103248
-0.044839
0.015771
-0.018727
-0.020658
-0.098232
0.014048
-0.098639
-0.050914
0.016081
-0.005756
-0.006066
-0.081736
-0.034481
0.035770
0.049341
-0.087397
-0.001972
0.052570
0.000103
0.009034
-0.035192
-0.025213
-0.052413
-0.045363
-0.067015
0.057430
0.051737
-0.021821
0.099971
0.045779
-0.012022
-0.024926
-0.002199
0.033117
-0.036163
-0.011798
-0.036201
-0.093705
-0.124256
-0.044421
0.032550
-0.058127
0.072508
-0.013097
0.011869
0.032365
0.044254
-0.035035
0.106909
-0.010683
0.020150
0.117871
-0.037347
0.034691
-0.020475
-0.115226
-0.048035
-0.087390
-0.066929
0.021047
-0.083362
-0.105353
0.183276
0.038077
0.023320
0.092991
-0.166224
-0.004014
-0.083090
-0.012954
0.123730
-0.022364
0.034700
-0.091371
0.021109
-0.070602
-0.086294
0.040859
0.057223
0.027359
0.029698
-0.080005
0.043426
0.056555
0.024765
-0.004401
-0.013313
-0.055233
-0.036202
0.024872
-0.018118
-0.037095
-0.032239
0.001747
-0.072554
0.028042
0.002999
-0.010022
0.080134
-0.054695
-0.062134
0.056946
-0.047135
0.043292
-0.036861
-0.027069
-0.118574
0.035257
-0.083206
0.037479
0.068564
-0.062399
0.040100
0.041470
0.009830
-0.034134
-0.123208
-0.074617
0.097353
-0.035779
0.022761
-0.055735
0.071331
-0.045501
0.101437
-0.024693
0.141651
-0.031525
-0.143851
0.065652
-0.066402
0.047472
-0.085634
0.051690
-0.143033
0.045234
-0.014469
0.030730
0.073431
-0.041878
0.078385
0.043613
0.061259
-0.000703
-0.002174
0.040561
0.004191
0.041860
-0.010718
-0.000293
-0.011297
-0.012297
0.030992
-0.031995
-0.039626
-0.071831
-0.124879
0.065350
0.005402
0.002716
-0.000358
0.148650
0.069337
0.036300
-0.040246
0.046557
0.024913
-0.091698
0.093266
0.056666
-0.017828
-0.030116
-0.100554
-0.109705
-0.043404
-0.069108
0.055726
-0.060568
-0.061772
0.126138
-0.041856
0.055198
0.039764
0.069885
0.029313
-0.014378
0.082411
0.003020
0.117302
0.042142
-0.098850
0.022570
-0.004847
-0.082543
-0.067286
-0.036088
-0.168695
-0.026441
0.048654
0.104265
-0.014540
-0.075080
0.151755
0.089156
-0.004265
0.022863
-0.040899
-0.006416
-0.003654
-0.131515
-0.083870
0.028365
0.003546
0.054066
0.031101
-0.017208
-0.005369
0.050329
-0.055816
-0.075251
-0.095304
-0.057405
0.045812
0.092701
-0.051102
0.074834
-0.035825
-0.051781
0.063213
-0.107556
-0.035412
-0.036740
-0.024181
0.080856
0.038335
0.051766
-0.011047
0.050156
-0.007493
0.072890
-0.050534
0.014242
0.041443
0.103101
0.097531
0.083763
0.016391
-0.019075
0.011531
0.035512
0.081686
0.039313
0.041923
0.050292
-0.055803
-0.013843
0.109242
-0.001432
0.035768
-0.037129
-0.039562
0.070929
0.114674
0.080481
0.071415
0.026602
0.015018
-0.032569
0.054056
0.043334
-0.085229
0.017377
-0.146581
-0.049265
0.076166
0.013329
-0.061495
0.076038
0.036667
-0.040980
0.002988
0.092263
0.049098
0.014242
0.113541
-0.000382
0.011105
-0.070356
-0.150849
0.004604
-0.052970
0.050314
0.051107
0.051711
-0.003938
0.097867
0.056260
0.006531
-0.005820
-0.002523
0.039292
0.020683
0.041955
-0.056031
0.073150
0.114330
-0.073527
0.071097
0.106878
0.046034
-0.104691
-0.023801
0.046074
0.019081
-0.081768
-0.070276
-0.060692
0.111737
0.068832
-0.061542
-0.020238
-0.016238
0.050036
-0.016489
-0.021180
0.041641
-0.029827
-0.051908
-0.064201
0.022656
-0.069221
-0.035820
-0.010041
-0.064329
-0.049008
0.116434
-0.003805
0.050665
-0.022041
-0.080900
-0.082238
-0.066478
-0.030977
-0.045328
0.065733
0.133213
-0.062678
-0.006151
0.041616
-0.011174
-0.003722
0.051119
0.007963
0.008878
0.014359
0.042101
-0.008977
-0.036062
-0.070067
0.105736
0.001346
-0.069256
0.037610
-0.104919
0.012486
-0.057750
-0.144086
-0.062384
-0.016268
0.058166
-0.070185
0.030273
0.069668
0.042290
-0.026767
0.015406
0.089920
-0.082403
0.027520
0.080674
0.008672
0.004547
0.025642
0.049132
-0.016161
0.057768
0.127831
-0.041451
0.003510
0.065219
0.082448
-0.005425
0.152251
-0.032350
0.073926
-0.016662
0.018722
-0.000853
0.102649
0.047036
-0.035340
-0.061642
0.040732
0.098204
0.025842
0.007375
0.128680
0.033249
0.034986
-0.042834
-0.063889
0.068906
-0.040792
-0.064662
0.056420
-0.114537
-0.061762
0.059852
0.095769
-0.006381
0.094980
-0.045758
-0.024203
0.045742
0.070833
0.026629
-0.047151
-0.121959
0.037392
-0.006296
-0.087557
0.074332
0.082825
-0.084188
0.031568
-0.085842
0.081356
-0.044500
-0.023973
-0.129142
0.005836
0.001546
-0.029584
0.044921
0.004141
-0.107635
-0.048175
-0.055026
-0.030454
0.051873
0.219569
-0.020614
-0.037972
-0.071858
0.105667
-0.057087
-0.057024
0.039516
0.069037
-0.040696
0.058327
-0.024234
0.046352
-0.017625
0.026827
-0.109351
-0.002850
0.086083
-0.056047
-0.039058
-0.014934
-0.083660
0.000916
-0.058976
0.006760
0.008089
-0.021590
0.068546
0.024254
