-0.049964
0.036355
-0.031625
0.028511
-0.050169
0.013699
0.018279
-0.017342
0.049408
0.131167
-0.020233
-0.047213
0.012847
0.025229
-0.118183
-0.047749
-0.002635
0.022655
0.007798
-0.064321
-0.041762
-0.039327
0.003069
0.110480
0.019763
-0.083208
-0.019553
0.030131
-0.013827
0.057568
0.029235
-0.001493
0.084299
-0.045517
0.004389
0.006011
-0.038580
-0.097415
0.018099
-0.114492
-0.040463
0.009204
0.003741
-0.031734
-0.058364
-0.039327
0.030833
0.062504
-0.099693
-0.036399
0.039073
-0.011184
-0.007147
-0.022367
-0.063755
-0.072722
-0.010323
-0.068591
0.086495
0.059592
-0.033404
0.085468
0.011913
-0.032711
-0.028926
-0.003416
0.036246
-0.027365
0.007318
0.001751
-0.056643
-0.081357
-0.038418
0.022904
-0.062462
0.103902
-0.040103
-0.013194
0.015726
0.066328
-0.040225
0.103920
0.022447
0.007958
0.094101
-0.054586
0.046586
-0.027968
-0.115458
-0.026316
-0.087831
-0.076056
-0.012043
-0.092471
-0.097065
0.206613
0.046204
0.013397
0.074887
-0.155948
-0.000385
-0.094874
-0.012666
0.119938
-0.035296
0.064515
-0.123761
0.023715
-0.095162
-0.058778
0.061144
0.087784
0.050670
0.013211
-0.079443
0.034528
0.073553
0.055243
-0.055719
0.000143
-0.078804
-0.016337
-0.010603
0.001565
-0.023490
-0.014876
-0.004421
-0.062627
0.030264
0.033426
-0.059962
0.044948
-0.034559
-0.037764
0.059668
-0.056158
0.039868
-0.077355
-0.021256
-0.126154
0.058320
-0.080645
0.022312
0.066297
-0.039041
0.045778
0.048652
-0.010014
-0.062132
-0.100311
-0.064441
0.118482
-0.061443
0.037096
-0.060131
0.053241
-0.062888
0.052344
0.004861
0.133729
-0.036596
-0.123771
0.076450
-0.093132
-0.010171
-0.085055
0.054442
-0.134972
0.069893
-0.037505
0.033409
0.051076
-0.015431
0.054158
0.041650
0.062742
0.001851
-0.031777
0.019988
-0.026556
0.087102
-0.026437
-0.007229
-0.057247
0.007294
0.012769
-0.020696
-0.050413
-0.078115
-0.130042
0.041054
0.027664
0.002577
0.020745
0.142610
0.075339
0.036496
-0.015232
0.048150
0.001312
-0.069393
0.067216
0.036723
-0.046986
-0.033522
-0.092253
-0.092267
-0.064460
-0.056481
0.091406
-0.046671
-0.036553
0.097217
-0.047546
0.072707
0.013654
0.049112
0.042525
-0.007482
0.111244
0.022509
0.127008
0.024900
-0.104583
0.034356
0.008261
-0.077833
-0.073469
-0.032168
-0.162621
-0.016399
0.026311
0.090778
-0.037788
-0.051440
0.141987
0.056610
-0.018067
0.037735
-0.049424
-0.034565
-0.033315
-0.137917
-0.092019
0.013617
0.010735
0.044075
0.048661
-0.021189
0.033288
0.066692
-0.048057
-0.075662
-0.104315
-0.050996
0.034796
0.070840
-0.061999
0.064361
0.017095
-0.055045
0.075580
-0.078012
-0.023126
-0.033841
-0.029085
0.052408
0.019254
0.015094
-0.002998
0.050221
-0.021618
0.093132
-0.052439
-0.008186
0.046183
0.101215
0.086588
0.095662
0.031820
-0.061691
0.017939
0.016689
0.084549
0.042471
0.029730
0.071565
-0.062122
-0.015886
0.106685
0.022010
0.001860
-0.033868
-0.038570
0.083565
0.113893
0.077744
0.037401
0.046757
0.023664
-0.047859
0.055573
0.083041
-0.075712
0.054196
-0.151714
-0.041347
0.046069
-0.018383
-0.066705
0.079187
0.023472
-0.015713
0.026896
0.106863
0.026477
-0.010800
0.099377
0.012444
0.016367
-0.047424
-0.170858
0.008645
-0.048122
0.025149
0.047469
0.056223
0.003422
0.091249
0.069576
0.023588
-0.012434
0.017994
-0.002524
0.013086
0.058890
-0.073060
0.063258
0.083437
-0.051794
0.070787
0.098423
0.047593
-0.080615
-0.033921
0.045981
0.005150
-0.067490
-0.079145
-0.087576
0.069193
0.054011
-0.093436
0.018469
-0.034083
0.053261
-0.008700
-0.005733
0.029934
-0.025624
-0.061778
-0.067121
-0.006966
-0.081767
-0.052054
0.000492
-0.051588
-0.027319
0.089123
-0.023621
0.041931
-0.033983
-0.055675
-0.095973
-0.061883
-0.020391
-0.051302
0.077357
0.131374
-0.068464
-0.031887
0.045714
-0.006163
-0.017375
0.049020
-0.013244
0.035891
0.001154
0.034822
-0.009808
-0.065928
-0.084557
0.101977
-0.004937
-0.077790
-0.007581
-0.092243
0.017360
-0.063268
-0.100575
-0.033958
-0.009339
0.047424
-0.067330
0.024280
0.074607
0.056483
-0.072193
0.018670
0.137165
-0.078120
0.046047
0.095647
-0.011979
-0.006434
0.001406
0.022819
-0.046317
0.069780
0.124120
-0.049114
-0.003658
0.060849
0.085200
0.013872
0.145747
-0.069106
0.046992
-0.029445
0.012083
-0.013223
0.110936
0.072646
-0.011019
-0.064546
0.035732
0.070573
0.024523
0.000575
0.136102
0.018509
0.026625
-0.065226
-0.030771
0.071119
-0.055332
-0.064292
0.056530
-0.092860
-0.079811
0.061166
0.121940
0.019365
0.090079
-0.038264
-0.045871
0.045784
0.055073
0.018451
-0.047172
-0.106966
0.038831
0.009138
-0.084509
0.080180
0.058042
-0.072684
0.037829
-0.079995
0.069479
-0.071134
-0.024718
-0.149116
-0.000960
0.029256
-0.007640
0.054712
0.026223
-0.132668
-0.049334
-0.048864
-0.060361
0.044877
0.205726
-0.057422
-0.044153
-0.067475
0.063279
-0.032340
-0.067378
0.063136
0.071026
-0.040019
0.048515
-0.024790
0.031113
-0.014908
-0.001949
-0.108456
-0.004324
0.096766
-0.033113
-0.040885
-0.015002
-0.124108
-0.015431
-0.059232
0.024068
0.014978
-0.022165
0.069576
0.069173
