-0.098739
0.058454
-0.120246
0.103647
-0.065173
0.002945
0.017119
0.111867
0.087417
0.089783
0.021119
-0.039157
-0.003472
0.029166
-0.067790
0.037324
-0.005131
-0.041760
0.023111
-0.023902
-0.141144
0.037194
0.024567
0.103990
-0.018230
-0.047473
-0.033762
0.051851
-0.028651
0.123385
0.030551
0.037358
0.085767
0.020221
0.077328
0.052338
-0.147774
-0.120091
-0.022207
-0.031639
-0.146496
-0.055750
-0.008753
-0.001193
-0.108096
-0.043868
0.025334
0.023215
-0.053584
-0.010917
-0.040727
0.024517
-0.067464
0.039233
0.058052
-0.049987
-0.041564
-0.023594
0.042344
0.008237
-0.062248
0.044534
0.058327
0.014456
-0.095140
0.024742
-0.008466
0.002278
-0.004281
0.041963
0.039487
-0.089373
0.030042
0.039104
-0.030918
0.093725
0.019627
0.010980
0.063934
-0.008507
0.060204
0.100822
-0.032999
0.129621
0.049085
-0.068312
-0.003934
0.007290
-0.062592
-0.051607
-0.032028
-0.088812
0.024159
-0.026909
-0.137040
0.193298
-0.044889
0.076824
-0.033256
-0.128024
0.033763
-0.140086
-0.110731
0.015657
0.042889
0.009375
-0.102837
-0.061915
-0.010498
-0.068146
-0.022582
0.001955
-0.036521
0.023068
-0.144980
0.080341
-0.031832
0.054433
-0.008689
-0.020435
0.026731
0.011418
-0.035558
-0.027195
-0.019753
-0.037239
-0.022482
-0.013421
0.037278
-0.025796
0.044436
0.129508
-0.019174
0.018746
0.018617
-0.059899
-0.009065
0.083015
-0.066154
-0.037780
-0.060054
-0.031012
0.000411
0.144348
-0.034104
-0.019045
-0.049608
0.045956
-0.019821
-0.031712
-0.044414
0.144837
0.072019
0.035760
-0.070420
0.021697
0.020622
0.125684
0.012605
0.114765
-0.057232
-0.087262
0.034598
0.001673
0.096374
-0.003104
0.068306
-0.110714
-0.038096
-0.058013
0.026803
0.016680
-0.086688
0.108508
0.109262
0.034182
-0.041499
0.012293
0.014885
0.021924
0.028048
-0.046182
0.022377
0.051889
0.040039
-0.009874
0.052197
-0.002583
0.049727
-0.058953
0.056468
-0.014250
0.035662
0.019506
0.084518
-0.006208
-0.026200
0.004008
0.092320
-0.039592
-0.019288
0.038618
0.003611
0.039943
-0.023040
-0.068847
-0.095383
-0.076806
-0.043961
0.095917
-0.125848
-0.031158
0.118883
-0.101609
0.030353
-0.013752
0.005002
0.095047
-0.010270
0.048646
-0.012029
0.074075
0.056512
-0.067925
0.092850
-0.003397
-0.028400
-0.087412
0.000098
-0.115059
-0.042386
-0.041490
0.080999
-0.000251
-0.035903
0.067955
0.071464
-0.010556
0.024386
-0.092795
-0.014298
0.018564
-0.048383
-0.051601
-0.019636
0.041427
-0.006087
0.054315
-0.076246
0.084308
0.010156
0.013400
-0.038530
-0.081039
-0.129094
-0.020470
0.034509
0.009281
0.047203
-0.049466
-0.074474
0.073218
-0.012552
0.103839
0.002652
-0.025433
-0.026612
0.048435
-0.004900
0.043139
0.124976
-0.036214
0.058659
-0.047686
-0.078161
0.095515
0.036296
-0.020593
0.094078
0.001469
-0.037731
0.002421
0.010396
0.028254
0.031037
-0.064496
0.125424
-0.016074
-0.044651
0.102091
0.090040
0.011623
-0.045584
0.004954
0.005313
0.067950
0.135989
-0.018619
0.051811
0.021948
-0.083115
0.048493
0.125369
0.067075
0.151951
-0.091306
-0.041342
0.028618
-0.013664
-0.093442
0.010757
0.018517
0.045474
-0.042476
0.025509
0.000054
0.043489
0.038405
-0.041426
0.058994
-0.064636
-0.157551
-0.027666
-0.019501
-0.073464
0.040154
0.074485
0.054786
-0.011235
0.116152
0.026276
0.040208
0.099850
0.039892
-0.031805
0.047150
-0.026880
-0.001272
0.069425
-0.062744
-0.018397
0.046681
0.019643
-0.067480
-0.077436
0.047244
-0.027954
-0.055015
-0.067900
-0.083814
0.005114
0.038973
-0.077033
-0.038973
0.026141
0.049284
0.042686
-0.047890
0.077659
-0.037264
-0.151971
-0.054958
-0.040406
-0.081272
-0.149143
0.008287
-0.056583
0.074119
0.043364
-0.034620
-0.010275
-0.012526
-0.104526
0.002650
0.051826
0.028050
0.006552
0.048887
0.017626
-0.032854
0.066149
0.072132
-0.022375
-0.012884
0.045022
-0.011836
0.018362
0.066404
0.151291
-0.008120
0.021659
-0.053920
0.010752
-0.079020
-0.023577
-0.072619
0.056963
0.018433
-0.092487
-0.010075
0.038767
0.001953
-0.014659
-0.095855
0.000291
-0.030357
0.031022
-0.034495
0.069824
0.118778
-0.059350
0.029444
0.009261
-0.041675
-0.032155
0.058129
0.040339
0.024485
-0.021373
0.031333
-0.045364
-0.048077
0.108254
0.080113
-0.039643
0.135935
-0.020335
0.029016
-0.057585
0.026130
-0.008619
0.112958
0.105272
0.047547
-0.050858
0.048322
-0.008281
0.029795
0.015764
0.055986
0.047888
-0.067538
-0.122923
0.003786
-0.053158
-0.010910
-0.081468
0.067103
-0.074696
-0.110246
0.049599
0.098997
0.056872
0.023076
0.000850
-0.074367
0.037703
0.040595
0.041014
-0.133759
-0.060419
0.087111
-0.032456
-0.091024
0.080841
0.060915
-0.038936
-0.062535
-0.032454
0.061631
0.041578
-0.035000
-0.126711
-0.116207
-0.018482
-0.005350
0.051998
0.035689
-0.000255
-0.050169
0.008379
0.056983
0.043316
0.165893
-0.057149
0.010358
-0.125651
0.003718
-0.054907
-0.099502
-0.013795
0.052514
0.006739
0.018210
0.049731
0.086038
0.064369
0.029207
-0.139263
-0.031600
0.122680
-0.027405
0.011081
-0.069549
-0.079893
-0.072772
-0.056224
0.070620
0.044734
-0.023526
0.068208
0.060653
