-0.075995
0.078780
-0.108033
0.094419
-0.064559
-0.012918
0.078319
0.055648
0.072659
0.092746
0.000197
-0.067765
-0.032468
0.041582
-0.032955
0.068564
0.023728
0.023376
0.083855
-0.081872
-0.109435
-0.025878
-0.019468
0.082731
-0.003884
-0.055685
0.045641
0.074234
0.030315
0.129972
0.075770
0.094572
0.042065
-0.008773
0.062096
0.043974
-0.138429
-0.061646
-0.039071
-0.001713
-0.145526
0.022840
-0.016120
-0.035974
-0.109718
-0.001646
0.076263
0.012734
-0.019162
-0.005295
-0.103899
-0.020381
-0.082883
-0.020293
0.073959
-0.036319
-0.043662
-0.004976
0.017827
0.035784
0.038405
0.048972
0.000614
0.068585
-0.016637
0.021650
-0.032454
0.053062
0.014741
0.021254
0.047757
-0.037050
0.015938
-0.017707
0.029072
-0.034117
-0.084343
0.035649
0.044411
-0.067757
0.073930
0.017613
-0.030087
0.091180
0.096411
-0.051034
-0.004881
0.042489
-0.103478
-0.042094
-0.034475
-0.096244
0.056100
0.020949
-0.164673
0.215767
0.023882
0.078684
0.001157
-0.122371
0.048002
-0.113057
-0.008674
0.033512
0.044229
0.008306
-0.102570
-0.081983
0.000181
-0.023730
-0.026292
0.045990
0.012129
-0.007916
-0.124856
0.064471
0.028619
0.039005
0.016973
0.015824
0.006613
0.050973
-0.051182
0.045298
-0.015927
-0.042590
-0.077466
-0.038319
0.101151
-0.135096
0.046118
0.117133
-0.005089
-0.021080
-0.067399
-0.086662
0.004380
0.054155
-0.016372
-0.049338
-0.057579
-0.084575
-0.078860
0.124713
-0.117684
-0.031431
-0.020035
-0.048941
-0.032385
-0.023650
-0.003847
0.049789
0.042084
0.082343
-0.055066
-0.006338
0.013617
0.051685
0.036010
0.092821
-0.078274
-0.050213
0.035158
-0.030049
0.080534
-0.013112
0.060423
-0.046046
-0.054484
-0.133580
0.023412
0.018620
-0.057869
0.046692
0.048407
0.007093
-0.032388
-0.017981
-0.058443
0.003707
0.016000
-0.050683
0.020320
0.050582
0.016707
0.006181
0.074843
-0.079708
-0.050759
-0.010887
0.116686
-0.033721
-0.004952
0.008685
0.124953
0.002924
0.001636
0.013120
0.050176
-0.050406
-0.021071
0.007508
0.053558
0.020276
-0.095081
0.022244
-0.033756
-0.070087
-0.040068
-0.009010
-0.085433
0.049726
0.099790
-0.096123
0.087637
-0.048225
0.029993
0.081934
-0.015986
0.028162
0.033972
0.010213
0.072639
-0.061685
0.159781
-0.041545
-0.121027
-0.068774
0.060277
-0.141489
-0.017422
-0.022951
0.085943
-0.007671
-0.072164
0.091586
0.079679
0.022294
0.039604
-0.041583
0.030605
-0.010313
0.008667
-0.020827
-0.055393
0.080638
-0.044019
-0.001197
-0.069902
0.079481
0.058033
-0.019521
-0.060710
-0.106472
-0.044133
0.026347
0.044368
-0.016157
0.032873
-0.060742
-0.072357
0.065369
-0.010486
0.075491
0.042047
-0.033948
-0.075508
0.015421
0.004065
0.089113
0.141136
-0.005130
0.064716
-0.058124
-0.070018
0.045600
0.059458
-0.058765
0.105402
-0.009241
-0.062680
0.011558
0.034537
-0.002387
0.031958
-0.035213
0.112152
-0.060771
-0.056901
0.112787
0.093284
-0.049514
-0.098893
0.026525
0.027838
0.080431
0.118628
0.024702
0.038429
0.029158
-0.084452
0.060646
0.084471
0.052833
0.137290
-0.055011
-0.037360
0.078247
-0.014689
-0.102524
0.008199
0.058372
-0.003897
-0.016044
0.028134
-0.041019
0.051270
0.019718
-0.013124
0.044280
-0.048531
-0.156499
-0.050494
-0.004560
-0.061410
0.060821
0.070267
-0.009809
0.017214
0.121344
-0.016844
0.042882
0.087719
0.014896
-0.056552
0.058360
-0.024877
0.019048
0.071425
-0.072644
0.006846
0.057273
0.014430
-0.067239
-0.044361
0.074000
-0.041142
-0.039752
-0.069308
-0.041656
-0.029879
0.059597
-0.079933
0.000669
-0.016623
0.063030
0.040085
-0.041198
0.036728
-0.046578
-0.147639
-0.054428
-0.032801
-0.074517
-0.111465
0.006314
-0.067259
0.024516
0.081921
-0.009211
0.000957
-0.023310
-0.108317
0.028947
-0.000347
0.003534
0.022862
0.028303
0.050581
-0.033794
0.059877
0.121688
-0.029775
0.025045
0.053883
0.005663
0.044413
0.081906
0.108123
-0.026874
-0.005296
-0.031540
0.020289
-0.072618
-0.043899
-0.046786
0.058687
0.008443
-0.091115
-0.041582
0.028239
0.001629
0.016301
-0.089971
-0.008193
-0.040541
0.025530
-0.031079
0.068585
0.127399
-0.063118
0.042321
0.028595
-0.078882
-0.072607
0.062899
0.014685
-0.009267
-0.011499
0.065158
-0.053486
-0.013529
0.062037
0.098783
-0.033828
0.135276
-0.049116
0.056542
-0.094381
0.002913
-0.033604
0.061715
0.110823
0.054140
-0.063400
0.082007
-0.053335
0.040566
0.013719
0.066053
0.049722
-0.029500
-0.084837
0.025568
-0.040038
0.018466
-0.084232
0.069641
-0.040358
-0.112516
0.055045
0.078443
0.064358
0.091402
-0.009429
-0.058584
0.049251
0.039917
0.065215
-0.147728
-0.050590
0.078639
-0.081192
-0.086156
0.059601
0.027318
-0.035963
-0.116132
-0.022332
0.039604
0.046312
-0.042267
-0.106454
-0.051974
0.018389
-0.002524
0.065174
0.090260
0.013330
-0.033704
0.032098
0.024665
0.045904
0.164278
-0.084955
-0.023764
-0.113963
0.015470
-0.074108
-0.113706
-0.023566
0.054360
0.015987
0.051002
0.028300
0.072322
0.094678
0.035391
-0.108598
0.018066
0.101825
-0.064770
-0.052316
-0.061384
-0.104363
-0.058470
-0.067029
0.036808
0.046399
-0.001637
0.077236
0.019588
