-0.084023
0.056227
-0.034004
0.063069
-0.017674
-0.034196
0.054784
-0.057048
0.072847
0.132004
-0.008148
-0.074191
-0.024065
0.024478
-0.131664
0.049165
-0.024138
-0.004315
0.020059
-0.091384
-0.061497
-0.014595
-0.026164
0.126087
-0.023015
-0.119150
-0.027579
0.016063
0.025974
0.106449
0.101931
0.048543
0.065027
-0.020097
0.037958
0.046434
-0.112642
-0.092063
-0.038205
-0.108848
-0.041464
0.010261
0.028239
-0.039076
-0.104644
-0.018990
0.094193
0.064758
-0.055271
-0.054182
-0.022667
-0.037028
-0.048605
0.010786
0.031165
-0.062106
-0.021142
0.004715
0.035997
0.032987
0.050668
0.110327
0.050886
-0.011434
-0.033312
-0.030926
-0.056518
0.075092
-0.006489
0.020197
-0.032678
-0.126320
-0.030076
-0.003963
-0.078838
0.035062
-0.030288
-0.042769
0.069436
0.014483
0.037458
0.103094
-0.039905
0.065910
0.106064
-0.075235
0.008700
-0.007133
-0.113796
-0.034980
-0.096727
-0.088084
0.025067
-0.060310
-0.098843
0.221764
0.075264
0.081610
0.034202
-0.158305
0.001915
-0.108333
-0.038184
0.122476
-0.015766
0.057354
-0.076301
-0.075089
-0.028786
-0.023659
0.022605
0.049859
0.060380
-0.007749
-0.099442
0.104826
-0.000926
-0.000175
-0.010100
-0.020685
-0.033324
0.033616
-0.019925
0.029110
0.012801
-0.027472
-0.062929
-0.092743
0.069629
-0.038625
0.036759
0.046357
0.023165
-0.071839
-0.048061
-0.102001
-0.000480
-0.052851
0.028058
-0.055341
-0.021014
-0.087725
-0.022231
0.076312
-0.067853
0.010809
0.069999
-0.045728
-0.034695
-0.108306
-0.071599
0.060148
-0.054210
0.012406
-0.052475
0.039533
0.001384
0.047527
0.069616
0.101869
-0.023427
-0.068676
0.035843
-0.071633
0.013850
-0.006821
0.056461
-0.090402
0.008428
-0.051351
-0.000248
0.053403
0.001461
0.055137
0.071983
0.018239
-0.056380
-0.040858
0.017826
-0.008460
0.098710
-0.035171
0.052316
-0.007055
-0.013006
-0.015282
0.026408
-0.044871
-0.079095
-0.115386
0.029602
0.000510
-0.043249
0.018191
0.136355
-0.013054
0.017271
0.012484
0.053888
-0.014390
-0.065435
0.119776
0.076822
0.006555
-0.014265
-0.031084
-0.075591
-0.091132
-0.046586
-0.018516
-0.044188
0.038322
0.109983
-0.069941
0.074506
-0.009989
0.047709
0.066803
-0.041759
0.068256
0.027661
0.088114
0.046086
-0.053584
0.076385
0.014524
-0.082855
-0.086589
-0.040625
-0.165230
-0.027482
0.020852
0.088100
-0.030026
-0.121044
0.152181
0.054804
0.000642
0.044270
-0.049042
-0.004381
-0.047787
-0.057537
0.013409
0.011622
0.056423
-0.031865
0.045257
-0.059662
0.021901
0.061751
-0.035434
-0.058079
-0.091834
-0.048137
0.036855
0.027055
-0.088312
0.066813
0.027623
-0.056511
0.028528
-0.048266
0.086386
0.060004
-0.026309
-0.032997
0.018512
0.035128
-0.001934
0.128399
-0.078892
0.088007
-0.050966
-0.027205
0.069443
0.041305
-0.046739
0.116113
0.069953
-0.076593
0.027645
0.031900
-0.034223
0.053178
0.028803
0.092039
-0.064191
-0.064340
0.123320
-0.011994
0.003102
-0.041385
-0.037262
-0.023610
0.085399
0.079917
-0.014717
0.024859
0.038238
-0.083000
0.047058
0.097559
0.055947
0.119345
-0.075740
-0.043099
0.046590
0.073463
-0.081721
0.027813
0.060789
-0.010969
0.042070
0.061983
-0.018712
0.032778
0.059138
0.004896
0.021523
-0.008670
-0.151891
-0.030714
0.015196
0.011227
0.025257
0.078038
-0.036896
0.094810
0.105392
0.006353
0.013310
0.074614
-0.032472
-0.022291
0.020615
-0.039228
0.019663
0.079944
-0.098173
-0.018096
0.067953
0.018270
-0.120745
-0.024984
0.042026
-0.030367
-0.049941
-0.084834
-0.090362
0.029703
0.067309
-0.119976
0.032990
-0.050368
0.049246
-0.004816
0.029798
0.078796
-0.048012
-0.103934
-0.046279
0.007128
-0.036217
-0.072038
-0.026766
-0.057583
0.022839
0.061475
-0.011278
-0.005609
-0.080084
-0.056041
0.059410
0.014025
0.015765
-0.003323
0.047751
0.046502
-0.095738
0.051805
0.104338
0.011141
-0.047746
0.034520
0.019887
0.069349
0.089248
0.046596
-0.011706
-0.023961
-0.035124
-0.005540
-0.025697
-0.017169
-0.010013
0.045077
0.037646
-0.099483
-0.064876
-0.014900
0.042638
0.036676
-0.016151
-0.020299
-0.006066
0.054006
-0.043955
0.025614
0.152061
-0.055657
0.054935
0.091151
-0.044895
-0.116452
0.041529
0.005755
-0.049165
0.001592
0.020543
-0.130157
-0.072806
0.040610
0.114144
-0.031644
0.108863
-0.036626
0.075434
-0.062579
-0.000616
-0.047154
0.094906
0.149766
0.007081
-0.049790
0.107259
0.004924
0.036615
0.018297
0.100700
0.035868
-0.028009
-0.071310
0.032752
-0.041099
0.044748
-0.090361
0.082333
-0.008253
-0.130326
0.053162
0.089594
0.106242
0.151549
-0.040350
-0.022108
0.054178
0.043602
0.043231
-0.101358
-0.112875
0.012455
-0.038748
-0.090452
0.057021
0.048235
-0.056578
-0.104797
-0.038835
0.033009
0.008079
-0.035890
-0.127946
-0.046216
0.054531
0.024363
0.050803
0.070148
-0.038980
-0.040705
0.024219
-0.003729
0.012503
0.130664
-0.092753
-0.025489
-0.112414
0.038011
-0.038070
-0.158478
0.015083
0.050462
0.023257
0.062039
0.041735
0.039429
-0.002744
0.036571
-0.083103
0.004427
0.072480
-0.054717
-0.003604
-0.069528
-0.105111
-0.077776
-0.048979
0.022772
0.031715
0.025095
0.073970
0.051459
