-0.099130
0.061728
-0.102710
0.089258
-0.046802
-0.016768
0.072965
0.060404
0.054162
0.079059
0.018830
-0.066208
-0.022929
0.018165
-0.067775
0.076580
0.002591
-0.041618
0.065787
-0.053155
-0.105391
0.005595
-0.007430
0.083266
-0.022962
-0.071761
-0.020413
0.056334
0.019237
0.108796
0.079191
0.074070
0.096537
-0.007031
0.047167
0.054160
-0.141294
-0.100865
-0.048744
-0.054693
-0.119059
-0.020372
0.032851
-0.017981
-0.106914
0.006266
0.041058
0.037019
-0.041455
-0.010847
-0.073368
0.000197
-0.042671
-0.003838
0.075676
-0.068521
-0.066532
-0.035170
0.030953
0.029982
0.016961
0.071567
0.072496
0.039906
-0.056176
0.030800
-0.001767
0.037432
-0.002647
0.017219
0.001154
-0.084143
0.019429
-0.014846
-0.049300
0.049502
-0.046038
0.006763
0.087188
0.015072
0.100639
0.057679
-0.051574
0.121708
0.090662
-0.104911
0.006183
0.041335
-0.096794
-0.069264
-0.024952
-0.085799
0.040776
-0.032912
-0.155198
0.202232
-0.004249
0.095166
-0.003856
-0.154616
0.027842
-0.117379
-0.053096
0.054986
-0.010801
0.032303
-0.087744
-0.071674
-0.000101
-0.067243
-0.017386
0.032225
0.035402
0.011261
-0.141230
0.095620
0.004225
0.052906
-0.003149
-0.052936
0.020056
0.068554
-0.054887
0.006353
-0.002446
-0.038043
-0.043143
-0.070906
0.078238
-0.086042
0.042100
0.093856
-0.019977
-0.004653
-0.066508
-0.104237
0.003009
0.056947
-0.031203
-0.046770
-0.062056
-0.091605
-0.037506
0.125375
-0.085149
-0.011365
-0.023837
0.004215
-0.017147
-0.029320
-0.026254
0.101649
0.056547
0.025753
-0.046903
0.051211
0.031743
0.078314
0.005763
0.075547
-0.039193
-0.058428
0.026035
-0.010244
0.083659
-0.032064
0.081843
-0.091111
-0.022458
-0.076743
0.001163
0.033129
-0.082747
0.058707
0.052759
0.032274
-0.040268
0.007714
0.004084
0.014189
0.033363
-0.078999
0.057278
0.037624
0.044176
-0.010664
0.032969
-0.033716
-0.018403
-0.059293
0.063139
0.009165
0.000445
0.002194
0.089235
-0.039836
-0.036926
0.019632
0.077802
-0.021936
-0.044098
0.061254
0.040098
0.041503
-0.041672
-0.045414
-0.093368
-0.085793
-0.052320
0.017705
-0.106949
0.029287
0.133506
-0.098650
0.045193
-0.045629
-0.004029
0.079086
0.024277
0.048905
0.016536
0.058676
0.074025
-0.048748
0.138305
0.005317
-0.078314
-0.083285
-0.001285
-0.147099
-0.055592
-0.009339
0.065101
-0.011743
-0.096967
0.098445
0.066923
-0.004289
0.045503
-0.059901
0.007831
-0.028737
-0.031650
-0.031758
-0.039053
0.095035
-0.043904
0.067897
-0.091044
0.097177
0.053487
-0.032242
-0.037130
-0.090073
-0.066611
0.021604
0.049156
-0.027333
0.065985
-0.032583
-0.062593
0.072377
-0.023314
0.098492
0.025158
-0.025913
-0.055859
0.019176
-0.021234
0.039653
0.141641
-0.027381
0.069010
-0.048541
-0.076123
0.058837
0.048568
-0.033646
0.110705
0.005767
-0.060551
0.013697
0.012188
-0.002620
0.034026
-0.044950
0.138777
-0.051423
-0.053317
0.113027
0.084542
-0.023810
-0.059276
-0.004829
0.025864
0.089908
0.114441
-0.023467
0.021220
0.034660
-0.085240
0.047411
0.106192
0.065934
0.146378
-0.077144
-0.025418
0.026324
-0.008446
-0.095420
0.000521
0.052866
0.011709
-0.002523
0.035593
-0.015492
0.044883
0.034735
-0.009584
0.060583
-0.040080
-0.158467
-0.033171
-0.014898
-0.038322
0.037563
0.079971
0.009252
0.025444
0.138060
0.010106
0.022905
0.086790
0.021002
-0.043006
0.051649
-0.017996
0.009362
0.068893
-0.093384
-0.024433
0.049609
0.008675
-0.057257
-0.044566
0.060312
-0.026873
-0.039523
-0.085146
-0.075445
-0.012634
0.078706
-0.089890
-0.024983
-0.024700
0.049663
0.024434
-0.018384
0.076650
-0.038296
-0.138118
-0.050820
-0.033610
-0.079803
-0.139736
0.018529
-0.046355
0.050569
0.064676
-0.051440
0.009475
-0.025027
-0.078261
0.038662
0.026624
0.012497
0.001085
0.045975
0.027026
-0.030404
0.098958
0.102778
0.002921
-0.013360
0.042030
-0.000123
0.044313
0.056835
0.134965
-0.008989
-0.004329
-0.041501
0.016409
-0.068857
-0.042821
-0.075629
0.053331
0.058686
-0.083757
-0.034111
0.028357
0.014726
0.006247
-0.062048
-0.003638
-0.047159
0.029675
-0.035979
0.060438
0.154584
-0.054226
0.029580
0.027702
-0.065249
-0.089349
0.050122
0.007253
-0.007995
-0.010781
0.066964
-0.061227
-0.044939
0.067034
0.094926
-0.052409
0.110018
-0.049736
0.049951
-0.089557
0.014188
-0.036689
0.095668
0.121717
0.077274
-0.050772
0.065634
-0.038299
0.032501
0.025341
0.062394
0.073017
-0.036513
-0.102912
0.022385
-0.057260
0.022320
-0.078074
0.065768
-0.049554
-0.118764
0.049079
0.087489
0.077448
0.064768
-0.006502
-0.052376
0.041886
0.018797
0.057963
-0.132841
-0.051299
0.080913
-0.048434
-0.097897
0.073688
0.023266
-0.037942
-0.088496
-0.026933
0.037561
0.058547
-0.026299
-0.127076
-0.090556
0.021904
0.025010
0.055841
0.081269
-0.006736
-0.052418
0.016799
0.014971
0.036932
0.155489
-0.079880
-0.012237
-0.116142
-0.005874
-0.039299
-0.124905
0.001072
0.044675
0.015842
0.041094
0.033725
0.083495
0.047948
0.043819
-0.100877
0.002135
0.100145
-0.063554
-0.005484
-0.065651
-0.120261
-0.063761
-0.053955
0.054184
0.033990
-0.004026
0.067345
0.070622
