-0.093064
0.084387
-0.101509
0.099878
-0.029716
-0.029474
0.057937
0.045509
0.096899
0.116980
0.028682
-0.044250
-0.000564
0.026655
-0.074825
0.057271
0.011710
-0.023800
0.070651
-0.099011
-0.108465
0.004113
-0.020401
0.092668
-0.007644
-0.066487
0.017288
0.075580
0.024585
0.133202
0.091043
0.085709
0.077840
-0.018997
0.058735
0.032053
-0.120332
-0.084270
-0.048298
-0.039650
-0.149205
-0.003110
0.012086
-0.032411
-0.113710
-0.014277
0.044133
0.032986
-0.040005
0.002438
-0.058625
0.021047
-0.076199
0.008145
0.047948
-0.054739
-0.071374
-0.033363
0.030742
0.020271
0.031220
0.056998
0.053965
0.036339
-0.072867
0.039874
-0.035411
0.043667
-0.002354
0.002940
0.004972
-0.056800
0.030249
-0.002756
-0.006090
0.016592
-0.033834
0.038135
0.052586
-0.029132
0.075948
0.057631
-0.052449
0.128304
0.080710
-0.068210
0.015165
0.029774
-0.093247
-0.065727
-0.051003
-0.104812
0.025200
-0.017551
-0.156351
0.221189
0.004169
0.078696
0.005569
-0.153183
0.071442
-0.109783
-0.027805
0.060062
0.030335
0.007512
-0.103877
-0.056740
-0.006999
-0.048215
-0.038097
0.024125
0.020255
0.019216
-0.135667
0.060121
0.036749
0.059171
-0.012967
-0.012254
0.003335
0.060817
-0.048251
0.006895
-0.010647
-0.038580
-0.055056
-0.034984
0.069290
-0.121788
0.041633
0.107379
-0.047999
0.000792
-0.047046
-0.084852
-0.016166
0.064710
-0.049641
-0.070372
-0.041604
-0.074390
-0.039625
0.151943
-0.093666
-0.022864
-0.024324
0.009002
-0.036265
-0.030824
-0.014311
0.078665
0.053770
0.049437
-0.068460
0.032572
0.025133
0.079421
0.014660
0.088535
-0.073331
-0.091463
0.032970
-0.008691
0.084287
-0.017944
0.079323
-0.087355
-0.027509
-0.091899
0.020475
0.015760
-0.081926
0.074089
0.048390
0.013014
-0.029573
0.001031
-0.001853
0.030672
0.024588
-0.037242
0.043350
0.040705
0.047224
-0.010201
0.035852
-0.040177
-0.012268
-0.032087
0.074512
-0.039985
0.021985
-0.013407
0.113498
-0.017683
-0.023759
0.022725
0.082751
-0.043630
-0.045291
0.042047
0.041614
0.001605
-0.073176
-0.043308
-0.077373
-0.057763
-0.025260
0.019651
-0.122560
0.002663
0.124864
-0.097581
0.052230
-0.044191
0.011059
0.083570
-0.006165
0.043500
0.009180
0.064559
0.063832
-0.085178
0.112735
-0.032524
-0.091967
-0.090747
0.013233
-0.128985
-0.022222
-0.024377
0.079358
-0.002987
-0.081819
0.071469
0.085496
0.002251
0.051849
-0.067645
0.022628
-0.011556
-0.021167
-0.044995
-0.029753
0.056504
-0.051059
0.030497
-0.085075
0.080293
0.061565
-0.028108
-0.052549
-0.094327
-0.064333
0.045630
0.042842
-0.014853
0.027034
-0.038177
-0.056715
0.061435
-0.033906
0.113306
0.034452
-0.026764
-0.069474
0.038906
0.027136
0.057347
0.125147
-0.042501
0.070520
-0.048749
-0.060636
0.061836
0.054959
-0.032183
0.101177
-0.007855
-0.040304
0.016056
0.012255
-0.012254
0.082995
-0.061992
0.103049
-0.045995
-0.049531
0.106343
0.055471
-0.000293
-0.068449
-0.027449
0.034624
0.081223
0.113076
0.017227
0.082550
0.040191
-0.084767
0.052824
0.092013
0.062038
0.152209
-0.075520
-0.035925
0.071341
-0.002711
-0.115372
0.023955
0.065560
0.011746
0.007903
0.029538
-0.001796
0.044330
0.007279
-0.022056
0.037170
-0.075575
-0.192810
-0.057711
-0.018344
-0.066940
0.064091
0.075302
-0.011783
0.008043
0.134648
0.017875
0.033241
0.077741
0.000116
-0.035231
0.036802
-0.028637
0.012700
0.074771
-0.058970
-0.000506
0.043696
0.047756
-0.097309
-0.041801
0.066795
-0.034169
-0.033120
-0.061847
-0.075487
0.016862
0.010038
-0.058630
-0.011410
0.012733
0.054264
0.021613
-0.039518
0.071245
-0.040369
-0.153278
-0.032824
-0.061389
-0.097042
-0.126699
0.034531
-0.077219
0.083704
0.083986
-0.029002
0.016081
-0.040778
-0.087924
0.032008
0.026748
0.046806
0.017162
0.035362
0.022632
-0.032068
0.051806
0.122573
0.017031
-0.005950
0.043376
-0.004136
0.029022
0.099279
0.113245
-0.019496
0.018785
-0.056552
0.010407
-0.091250
0.001785
-0.042179
0.044116
0.025855
-0.077619
-0.018943
-0.002902
0.004709
0.015873
-0.053321
-0.007224
-0.018100
0.028366
-0.078997
0.056582
0.139381
-0.055770
0.038561
0.017771
-0.068492
-0.041750
0.075148
0.014803
0.017982
0.000574
0.035102
-0.071888
-0.005146
0.073134
0.094902
-0.011423
0.117707
-0.064972
0.037956
-0.092613
-0.007969
-0.018117
0.083986
0.127796
0.057136
-0.057314
0.077982
-0.061978
0.033225
0.026530
0.101802
0.023154
-0.041792
-0.091074
0.007383
-0.049613
0.033513
-0.078029
0.065462
-0.034359
-0.113664
0.050896
0.090667
0.074191
0.089037
-0.002424
-0.042059
0.046345
0.021089
0.055932
-0.147726
-0.046311
0.094144
-0.034454
-0.087050
0.074492
0.027085
-0.036040
-0.045780
-0.036531
0.029825
0.018279
-0.040813
-0.088570
-0.056903
0.004930
0.011458
0.054020
0.048829
-0.001404
-0.029303
0.001070
0.057419
0.054106
0.143536
-0.072402
-0.016630
-0.117562
0.021632
-0.068007
-0.145224
0.001453
0.049282
0.007069
0.087637
0.024036
0.091003
0.052992
0.064230
-0.107010
0.000317
0.093410
-0.080140
-0.019668
-0.050301
-0.111539
-0.051644
-0.058254
0.045092
0.040787
-0.010009
0.070661
0.038435
