-0.093857
0.055543
-0.082285
0.075933
-0.023658
-0.039054
0.083613
0.015361
0.070786
0.108659
0.025529
-0.054137
-0.010964
0.029270
-0.092915
0.078222
0.024794
-0.016620
0.062573
-0.101106
-0.095676
0.009633
-0.032746
0.078817
-0.011728
-0.084494
0.006492
0.055026
0.023626
0.123984
0.121555
0.101761
0.067538
-0.039417
0.045133
0.032057
-0.109646
-0.081106
-0.045143
-0.055159
-0.107791
0.008983
0.024672
-0.037048
-0.110631
0.012685
0.070301
0.035206
-0.030374
-0.001749
-0.073567
-0.001597
-0.049054
0.001532
0.071947
-0.054236
-0.056122
-0.021419
0.029453
0.017503
0.053241
0.071594
0.055979
0.041246
-0.043411
0.016638
-0.032622
0.048198
-0.015955
-0.005181
-0.001074
-0.084808
0.006562
-0.029504
-0.009734
0.002822
-0.058745
0.022280
0.072523
-0.036460
0.071160
0.047728
-0.059266
0.097343
0.097148
-0.080701
0.003361
0.034623
-0.133794
-0.078967
-0.053426
-0.086116
0.041405
-0.024372
-0.140139
0.214606
0.029565
0.092101
0.031195
-0.155660
0.045699
-0.106964
-0.010270
0.083741
0.015544
0.031997
-0.096639
-0.067719
0.002020
-0.043294
-0.031376
0.038418
0.053370
-0.003345
-0.121955
0.083959
0.031195
0.039119
-0.001669
-0.024961
-0.013404
0.058716
-0.033659
0.025079
-0.010397
-0.050024
-0.052606
-0.071227
0.081733
-0.123176
0.048248
0.086581
-0.018603
-0.032178
-0.081473
-0.097111
-0.016166
0.043768
-0.005907
-0.070665
-0.043272
-0.082687
-0.058537
0.134637
-0.106437
-0.010728
0.010206
-0.030570
-0.016720
-0.044584
-0.022917
0.057285
0.035021
0.041808
-0.069457
0.021171
0.030843
0.082537
0.027231
0.084003
-0.058506
-0.067579
0.020167
-0.020757
0.086942
-0.020621
0.077455
-0.078080
-0.028634
-0.093664
0.001535
0.026447
-0.054864
0.045779
0.040726
0.009062
-0.046560
0.001431
-0.007211
0.027462
0.027483
-0.058820
0.051950
0.049288
0.024865
-0.005449
0.031237
-0.050771
-0.055476
-0.059037
0.079459
-0.031404
0.000282
-0.004509
0.118713
0.000868
-0.001703
0.017631
0.060978
-0.032375
-0.064637
0.069414
0.060166
0.034733
-0.065801
-0.030597
-0.063160
-0.068209
-0.038119
-0.022036
-0.092303
0.040279
0.120184
-0.092006
0.051544
-0.034881
0.019582
0.077206
-0.010008
0.042299
0.010222
0.049608
0.079595
-0.056146
0.123676
-0.030057
-0.097893
-0.079000
0.002959
-0.156779
-0.030536
-0.001049
0.077484
-0.020631
-0.114286
0.114532
0.089131
0.016549
0.039562
-0.058518
0.027458
-0.025531
-0.019828
-0.018164
-0.030689
0.068236
-0.062107
0.037566
-0.088682
0.080028
0.061353
-0.021666
-0.047339
-0.107667
-0.052723
0.041110
0.045790
-0.014859
0.042065
-0.047018
-0.068610
0.070698
-0.042820
0.088757
0.018701
-0.030522
-0.097861
-0.013304
0.017632
0.036530
0.135261
-0.039331
0.078689
-0.053886
-0.078141
0.037199
0.043500
-0.059528
0.117238
0.001946
-0.061480
0.024249
0.026023
-0.018513
0.032071
-0.019556
0.118948
-0.054846
-0.056700
0.116597
0.078018
-0.030561
-0.072688
0.026160
0.041858
0.075487
0.108548
0.016637
0.001702
0.056678
-0.090474
0.049226
0.087892
0.054663
0.124603
-0.093269
-0.035460
0.039786
-0.030071
-0.081518
0.011538
0.079104
-0.003028
0.003126
0.043320
-0.046513
0.047665
0.019927
0.011780
0.073176
-0.035779
-0.169256
-0.048911
-0.005060
-0.016704
0.051826
0.085239
-0.034090
0.044336
0.114240
-0.000649
0.037914
0.081454
-0.024254
-0.056671
0.049160
-0.020346
0.008781
0.083058
-0.094925
-0.029185
0.062335
-0.009130
-0.064892
-0.048807
0.083176
-0.053714
-0.042274
-0.086632
-0.067102
-0.029193
0.074375
-0.096504
-0.005700
-0.067174
0.054263
0.029797
-0.021663
0.065509
-0.043309
-0.145556
-0.048225
-0.029614
-0.068846
-0.111383
0.020190
-0.061885
0.029616
0.091369
-0.006903
-0.019182
-0.033022
-0.082934
0.059339
-0.003528
0.006524
0.017402
0.024778
0.022342
-0.033522
0.076865
0.136120
0.023106
0.014480
0.039954
-0.004075
0.032431
0.075848
0.101239
-0.016527
-0.040616
-0.022256
0.026147
-0.058813
-0.053764
-0.057440
0.033977
0.026210
-0.082818
-0.051019
0.017623
0.010823
0.009139
-0.041144
-0.018132
-0.040621
0.021421
-0.037353
0.061581
0.158496
-0.054862
0.051978
0.023524
-0.065153
-0.107789
0.041931
-0.007852
-0.015313
-0.013920
0.077101
-0.076567
-0.023281
0.030857
0.105612
-0.046957
0.089866
-0.025097
0.063759
-0.078271
0.017398
-0.049148
0.088236
0.109282
0.068203
-0.051635
0.083390
-0.031868
0.040279
0.021070
0.055894
0.070291
-0.039090
-0.067156
0.048630
-0.091847
0.041077
-0.076995
0.068220
-0.042482
-0.108547
0.048711
0.101606
0.069282
0.080914
-0.022053
-0.021263
0.046017
0.049967
0.054363
-0.128723
-0.066407
0.069803
-0.079557
-0.088109
0.050404
0.013791
-0.042352
-0.117285
-0.028718
0.024976
0.062624
-0.035408
-0.092543
-0.064346
0.034643
0.006831
0.056201
0.084088
0.015241
-0.057413
0.014480
-0.016107
0.044086
0.156123
-0.112426
-0.035511
-0.131335
-0.003769
-0.051007
-0.131085
-0.012195
0.043286
0.030722
0.043003
0.026433
0.069764
0.058522
0.031424
-0.093426
0.042198
0.059715
-0.073542
-0.002637
-0.053567
-0.115559
-0.064163
-0.055553
0.007880
0.030641
0.003159
0.070586
0.020154
