-0.121333
0.068090
-0.088586
0.112346
-0.045724
-0.018132
0.082002
0.070119
0.031889
0.075642
0.012866
-0.083838
-0.056146
0.009756
-0.047860
0.097244
0.000682
-0.042140
0.062451
0.001166
-0.103324
0.017769
0.027171
0.092647
-0.034763
-0.050735
-0.014816
0.025961
-0.015318
0.094956
0.080328
0.093963
0.078474
0.035415
0.063998
0.081919
-0.187765
-0.108840
-0.045432
-0.031000
-0.122773
-0.026795
0.026609
-0.003537
-0.090867
0.025205
0.069325
0.025828
-0.019780
-0.026584
-0.063567
-0.028687
-0.060366
0.042533
0.119927
-0.043498
-0.066433
-0.000267
0.002765
0.020257
-0.005103
0.064327
0.064139
0.065102
-0.029327
-0.002996
-0.026185
0.058337
-0.014907
0.037533
0.050309
-0.094378
0.007884
-0.005599
-0.040360
0.015938
-0.028712
0.014244
0.108608
-0.017536
0.116947
0.032234
-0.056549
0.097479
0.066416
-0.096844
-0.024521
0.032082
-0.066723
-0.061322
-0.023739
-0.077994
0.046592
-0.016529
-0.156028
0.167069
-0.040645
0.092327
-0.030517
-0.117879
-0.003472
-0.107891
-0.057868
0.012633
-0.009783
0.041951
-0.036154
-0.122775
0.051478
-0.052214
-0.044764
0.017728
0.012190
0.016863
-0.115364
0.106873
-0.057094
0.027798
0.013012
-0.042245
0.058796
0.076166
-0.042998
-0.015803
0.018372
-0.044602
-0.074500
-0.036142
0.086994
-0.084082
0.066912
0.118953
0.019490
-0.016650
-0.109167
-0.092786
0.033550
0.071479
-0.016533
0.006555
-0.125600
-0.081808
-0.058059
0.096954
-0.070738
-0.008536
-0.004084
0.015686
0.037161
-0.014070
-0.015030
0.059878
0.089031
0.035524
-0.052266
0.012397
0.042308
0.070633
0.034414
0.067067
-0.019143
-0.064434
0.009620
-0.043534
0.089816
-0.002505
0.074628
-0.105183
-0.059636
-0.073948
0.005235
0.049901
-0.063124
0.025412
0.086555
0.010465
-0.068195
0.042096
-0.001208
0.012216
0.022776
-0.073005
0.043554
0.066938
0.003135
-0.015263
0.059613
-0.043287
-0.000176
-0.020672
0.052997
0.001920
-0.015349
0.042142
0.064347
-0.051423
-0.037381
0.022307
0.073350
-0.049417
-0.012999
0.092749
0.038404
0.080922
-0.025437
-0.010627
-0.059697
-0.092239
-0.036288
-0.033885
-0.113148
0.052635
0.125487
-0.114540
0.032337
-0.035141
0.004456
0.070507
0.010794
0.025128
0.005041
0.021623
0.064883
-0.020883
0.152532
0.021577
-0.077343
-0.092675
-0.007469
-0.151181
-0.064521
-0.000053
0.069368
0.002444
-0.081096
0.078950
0.034767
0.013107
0.026072
-0.049864
-0.017213
-0.014789
-0.027824
-0.017265
-0.020856
0.082378
-0.049391
0.038483
-0.072091
0.097819
0.029068
-0.004928
-0.027864
-0.076851
-0.096781
-0.006784
0.042301
-0.026125
0.086310
-0.028650
-0.086883
0.036482
-0.006892
0.106299
0.038980
-0.041277
-0.022203
0.065639
0.012456
0.034233
0.183526
-0.086815
0.043039
-0.057728
-0.101202
0.054172
0.041236
-0.050084
0.107789
-0.026901
-0.052672
0.028631
-0.003565
-0.071214
0.050472
-0.104523
0.111783
-0.075379
-0.070975
0.133300
0.031679
-0.052287
-0.070226
-0.004253
0.002862
0.092811
0.111495
-0.065477
0.058994
0.037821
-0.115372
0.056355
0.121768
0.053683
0.155478
-0.054621
-0.046421
0.036493
0.006038
-0.077720
-0.017624
0.009339
-0.019770
-0.015262
-0.008411
-0.010590
0.049081
0.025277
0.037441
0.059047
-0.017431
-0.110095
-0.048763
-0.023231
-0.030418
0.014110
0.038013
-0.015145
0.018496
0.126355
-0.016185
0.048564
0.045916
0.006041
-0.002603
0.041900
-0.049353
0.017163
0.085313
-0.065136
-0.028621
0.050865
-0.004891
-0.086898
0.009701
0.051399
-0.027369
0.020736
-0.087114
-0.046508
-0.021276
0.042682
-0.076799
-0.070115
-0.018950
0.059724
0.047216
0.009063
0.053013
-0.054244
-0.155088
-0.049826
-0.011496
-0.030247
-0.094937
0.020368
-0.009698
-0.004234
0.062626
-0.023862
0.010227
-0.017954
-0.079149
0.041790
0.009504
-0.008192
0.063121
0.043983
0.014529
-0.042969
0.025463
0.045283
0.016048
-0.065596
0.051254
-0.040668
0.053387
0.065248
0.137924
-0.017534
-0.016346
-0.043914
0.000556
-0.036596
0.002270
-0.039451
0.102831
0.057968
-0.092295
-0.014398
0.026098
-0.042844
0.019034
-0.058833
-0.018336
-0.034418
0.031401
-0.009905
0.038240
0.089354
-0.063413
-0.007898
0.068462
-0.042919
-0.120051
0.037919
0.055258
-0.026000
0.021604
0.043604
-0.078129
-0.080879
0.065093
0.101276
-0.067964
0.142016
-0.042315
0.036382
-0.023669
0.027537
-0.076527
0.110885
0.139148
0.054728
-0.061448
0.047009
-0.023886
0.045339
-0.002217
0.088933
0.057146
-0.013459
-0.105266
0.013148
-0.037862
0.070994
-0.099020
0.077809
-0.054062
-0.134860
0.062369
0.054097
0.089789
0.074886
-0.032468
-0.034689
0.063066
0.010606
0.069763
-0.099640
-0.065840
0.069902
-0.032215
-0.071948
0.053897
0.079679
-0.050805
-0.089502
-0.048471
0.012648
-0.011457
-0.038089
-0.102993
-0.101210
0.009763
-0.012317
0.059932
0.083315
-0.018801
-0.042352
-0.001660
0.021127
0.058329
0.112921
-0.069232
0.021062
-0.144389
0.019358
-0.071852
-0.084609
-0.000302
0.070205
0.005398
0.030292
0.074775
0.064336
0.022411
0.035329
-0.103451
0.022531
0.067685
-0.030848
0.002838
-0.092075
-0.100982
-0.096639
-0.061840
0.037778
0.042572
-0.046880
0.081136
0.043865
