-0.003871
0.008206
-0.048735
0.040833
0.019764
-0.026633
0.030881
-0.084678
0.042571
0.105367
-0.046085
-0.070095
0.013461
0.063090
-0.111313
0.010204
0.056767
0.038580
0.073123
-0.058821
-0.053610
-0.037325
-0.042411
0.097184
0.078244
-0.025919
0.060615
0.008924
0.017451
0.100665
0.060134
0.081715
0.020064
-0.046664
0.066433
0.026905
-0.029148
-0.084416
-0.030350
-0.052853
-0.028917
0.079002
-0.106146
-0.088260
-0.039040
0.003998
0.114137
0.005727
-0.022548
-0.001458
-0.060727
-0.069810
-0.034375
-0.036772
0.058944
-0.049691
0.002559
0.012836
0.054633
0.080776
0.054702
0.040533
0.040930
0.031265
-0.056425
-0.009670
-0.052167
0.092955
0.000279
0.058245
-0.033067
-0.061018
-0.032159
-0.031549
-0.001473
-0.090664
-0.035619
0.034256
0.062704
-0.060904
-0.075801
0.031988
0.035372
-0.010044
0.105674
0.011791
-0.045380
0.019296
-0.118141
0.002187
-0.056741
-0.069137
0.035555
-0.035432
-0.048059
0.167045
0.053505
0.039412
0.001927
-0.118207
0.024804
-0.068640
0.089025
0.113575
0.030538
0.022764
-0.088490
-0.065748
-0.073387
-0.022225
0.000359
0.076091
0.058683
-0.012453
-0.074821
0.050239
0.067447
0.018054
-0.002292
0.014405
-0.092176
0.024082
-0.035484
0.081446
0.019034
-0.029994
-0.058125
-0.027668
0.081333
-0.096323
0.010064
0.040280
-0.002494
-0.107928
-0.099013
-0.107670
-0.035830
-0.002413
0.015716
-0.114006
0.027024
-0.078006
-0.072704
0.078011
-0.086488
0.015294
0.055229
-0.100875
-0.013614
-0.092243
0.003938
0.039503
0.001586
0.051193
-0.015027
-0.037065
-0.005304
0.043581
0.034760
0.090993
-0.077124
-0.089549
0.072290
-0.058221
-0.035723
0.024601
0.056405
-0.044739
-0.040979
-0.148589
0.017376
-0.005699
-0.006778
-0.004420
0.106292
0.020488
-0.011241
-0.043415
-0.089804
0.047912
0.086570
-0.038585
0.060143
-0.023432
-0.020679
-0.082258
0.058891
-0.078949
-0.131838
-0.075648
0.071798
-0.029097
-0.030456
0.073066
0.101081
0.119774
0.069126
0.042292
-0.005728
0.045059
-0.078675
0.035921
0.092083
0.045783
-0.100893
0.018328
-0.053331
-0.060369
-0.045626
-0.036285
0.002981
0.017303
0.082463
-0.034108
0.113072
-0.026426
-0.005821
0.092103
-0.043842
0.077106
0.043325
0.070177
0.068008
-0.064662
0.079348
-0.069099
-0.161786
-0.035325
0.062036
-0.174786
0.020652
0.062106
0.042734
-0.068942
-0.102857
0.121643
0.107615
0.037708
0.035458
-0.028841
0.066418
-0.011599
-0.075179
0.016910
-0.055563
0.033455
0.004414
0.011253
-0.046254
0.003849
0.095708
-0.037219
-0.052239
-0.071179
0.001773
0.088503
0.039545
0.012693
-0.067336
-0.026154
-0.080514
0.075957
-0.121736
0.006684
0.052147
-0.038482
-0.057357
0.005670
0.042679
-0.027056
0.036138
-0.029333
0.047216
-0.064253
0.039552
0.009444
0.075059
-0.084784
0.105138
-0.020270
-0.037237
0.031138
0.042476
0.021515
0.055266
0.023333
0.046554
-0.014546
-0.068385
0.093761
0.095153
0.017511
-0.023226
-0.063770
0.034470
0.116577
0.121833
0.019291
0.055302
0.049464
-0.086015
0.058790
0.045634
-0.022666
0.076122
-0.171166
-0.061103
0.044644
0.088883
-0.058537
0.026455
0.033534
-0.057963
0.002423
0.132677
-0.008207
0.042773
-0.002212
0.017299
0.004728
-0.024885
-0.150597
-0.050411
-0.016002
0.029728
0.119469
0.095971
-0.001451
0.012378
0.021793
0.009477
0.060612
0.032631
0.003479
-0.016406
-0.025866
-0.040898
0.058933
0.070916
-0.078036
-0.013830
0.010583
0.061433
-0.081691
-0.136559
0.008488
0.032185
-0.058546
-0.072873
-0.039990
0.039124
-0.038205
-0.141446
0.013077
-0.029084
0.058475
0.027379
-0.061405
0.118664
-0.060076
0.011167
-0.131092
0.003864
-0.051405
0.015843
-0.044910
-0.064059
0.044326
0.027161
0.042010
-0.063086
-0.080351
-0.032565
0.039130
0.003814
0.039374
0.004878
0.041808
0.015946
-0.119206
0.019547
0.159394
0.023631
0.031174
0.041803
-0.039087
0.081511
0.104431
-0.022152
-0.026226
-0.009923
-0.029226
0.005413
-0.068671
0.025637
0.067533
-0.047726
-0.000241
-0.102552
-0.060370
0.003121
0.006631
0.056695
-0.038689
-0.042067
-0.007227
0.094122
-0.065540
0.056851
0.126115
-0.072371
0.073763
0.009055
0.007459
-0.048144
0.056251
0.021722
0.023477
0.066509
0.036073
-0.094458
-0.007389
0.018609
0.094343
-0.043864
0.086048
-0.046988
0.058510
-0.042561
-0.004090
0.086224
0.062622
0.087924
-0.073664
-0.066013
0.093181
0.017786
0.043061
0.006488
0.071097
0.043149
0.013637
-0.044179
0.019109
0.003107
0.030563
-0.079466
0.077412
-0.103042
-0.093119
0.060880
0.114456
0.085910
0.154028
0.006168
0.072961
0.057492
0.063068
0.028270
-0.094231
-0.152886
-0.064113
-0.096448
-0.070101
0.021975
-0.010532
-0.050372
-0.051195
-0.062236
0.043891
0.004169
-0.051938
-0.088134
0.047075
0.032304
0.028881
0.043970
0.079798
-0.003634
-0.059028
-0.026409
-0.026996
0.002345
0.151184
-0.091337
0.065367
-0.113464
-0.029228
0.002254
-0.118789
0.024098
0.039161
0.047864
0.019333
0.030721
0.035979
0.063948
-0.012412
-0.074844
-0.051436
0.004798
-0.071810
-0.028982
-0.049049
-0.111774
-0.052730
-0.062561
-0.000321
0.050567
0.031359
0.078034
0.072755
