-0.007267
-0.041683
-0.048258
0.013079
0.000588
0.032305
0.037088
-0.024954
-0.060636
0.079852
-0.011881
-0.041572
-0.009996
0.055696
-0.068541
-0.051595
0.069575
0.067054
0.077963
-0.046619
-0.086872
-0.040990
0.004212
0.117487
0.019356
0.032830
0.045473
0.043496
-0.018310
0.072156
-0.026209
0.036326
-0.006756
-0.065857
0.061325
0.046148
-0.029624
-0.085536
-0.030634
-0.066407
-0.001195
0.030666
-0.103182
-0.092635
-0.015664
-0.006341
0.097537
-0.019965
-0.048910
0.004287
-0.040219
-0.120108
-0.031300
-0.006421
0.006787
-0.052234
0.020308
0.045344
0.101900
0.130042
-0.019029
0.048997
0.051374
0.035358
-0.065489
-0.043640
0.051514
-0.014365
0.064015
0.060564
-0.013287
-0.020971
-0.066126
-0.070254
-0.004211
-0.001622
-0.110256
0.019896
0.046078
-0.012630
-0.095654
0.026703
0.097520
-0.049792
0.033530
-0.035393
-0.038622
0.020094
-0.069207
0.040536
0.005977
-0.055011
-0.030843
-0.089308
-0.018142
0.110393
0.025611
-0.008264
-0.018859
-0.111624
-0.031970
-0.106389
0.085490
0.047023
-0.037773
0.029346
-0.140692
-0.076538
-0.061569
-0.019797
0.025112
0.116696
0.028393
-0.028374
-0.110582
0.004933
0.070223
0.011221
-0.091606
0.040426
-0.093427
0.012541
-0.028525
0.006755
-0.003706
-0.091522
-0.027112
-0.027447
0.011950
-0.001077
-0.031645
0.019236
0.003445
-0.114648
-0.009326
-0.087898
-0.023059
-0.086490
0.079224
-0.105727
0.001285
-0.101656
-0.035135
-0.003278
0.002271
0.005520
0.071985
-0.068758
0.069241
-0.037430
0.008585
0.058525
-0.059326
0.088926
-0.026480
-0.062724
-0.059456
-0.006765
0.037609
0.054338
-0.061727
-0.069958
0.076287
-0.080390
-0.029846
-0.037366
0.050777
-0.083210
0.020001
-0.095429
0.079392
0.028747
-0.047912
-0.010560
0.111575
0.074772
-0.006015
-0.067077
-0.101324
0.033960
0.101796
-0.072316
0.022374
-0.063169
0.005306
-0.062858
0.072380
-0.079621
-0.143475
-0.085490
0.028151
0.077600
-0.008373
0.084577
0.077798
0.125383
0.073780
0.077012
-0.008658
-0.012898
-0.039852
0.022641
0.035783
-0.008897
-0.104812
0.016237
-0.032610
-0.079167
-0.115814
0.046396
-0.000040
0.044550
0.038832
-0.045008
0.145245
-0.032099
-0.021643
0.097900
0.002798
0.109884
0.007050
0.045745
-0.004333
-0.076055
0.071015
-0.014395
-0.129790
0.033254
0.074019
-0.168825
0.044582
0.069907
0.093424
-0.089137
-0.039271
0.113990
0.050339
0.049696
-0.010415
-0.065653
-0.043943
-0.070876
-0.155140
-0.014172
-0.034112
0.013933
0.046227
0.062594
-0.062170
0.057418
0.109272
-0.029514
-0.038181
-0.099041
-0.065057
0.025498
0.110534
-0.047514
0.065181
0.039003
-0.033767
0.055438
-0.067497
-0.047183
-0.095161
-0.065277
-0.027763
-0.059238
0.084135
-0.090265
0.043715
-0.043820
-0.066870
-0.066782
-0.126117
0.105387
0.090667
-0.059612
0.060439
0.028643
-0.019794
0.051621
0.005104
-0.042732
-0.037622
0.049357
-0.122479
-0.112286
-0.065320
0.064792
-0.004022
0.033662
0.071346
0.099118
0.013351
0.055887
-0.056539
0.006325
0.031775
0.038697
-0.005050
0.078960
-0.000640
0.004674
-0.024643
-0.173022
-0.059756
-0.022496
0.040605
-0.058536
0.060865
-0.030939
-0.021715
-0.029259
0.103650
0.109475
0.039251
0.084802
0.072952
0.089458
-0.007723
-0.088465
-0.034231
0.014712
0.083837
-0.035609
0.039525
0.034177
-0.013471
0.101197
0.080735
0.032143
-0.111352
0.097781
0.001051
0.037333
-0.033601
-0.000687
0.062887
0.063326
0.019420
-0.000287
0.110959
-0.053449
0.046927
-0.028726
0.011793
-0.064640
-0.072591
-0.053127
0.051801
0.010584
-0.069938
0.015778
-0.098960
0.078429
0.002443
-0.048802
0.040981
-0.072704
-0.016926
0.009129
0.057386
0.002152
-0.010461
-0.015336
-0.010025
-0.119769
0.129341
0.005077
-0.058078
-0.008565
-0.022526
-0.002161
-0.093190
-0.044259
0.035888
0.085876
0.103957
-0.140599
0.076258
0.051149
0.032798
-0.074480
0.048104
0.016303
0.013216
-0.006011
0.070624
-0.026123
0.022352
0.064487
0.093356
0.021298
0.038925
0.028932
-0.038738
0.106070
-0.072432
-0.088054
-0.008807
0.113640
-0.019493
0.014210
-0.061695
0.004625
-0.010121
0.077898
0.052632
0.042793
-0.082433
0.035002
0.057446
0.042212
-0.016178
-0.020412
-0.019003
-0.076248
0.091451
-0.003581
0.062272
-0.087993
0.017013
0.095296
-0.029410
0.009710
-0.052881
0.062065
-0.011058
0.051579
0.100131
0.080142
-0.011088
0.028067
-0.079277
0.127543
0.011416
0.055892
-0.044387
0.044988
-0.005884
-0.016108
0.003892
0.000001
0.000414
0.039849
-0.085873
0.090484
-0.012099
-0.043724
0.073766
0.029898
0.011865
0.093162
0.102856
-0.087413
0.051039
-0.039363
0.073229
-0.053393
-0.142755
-0.049836
-0.084292
-0.090327
0.006654
0.018012
-0.045382
0.063011
-0.064568
0.013149
-0.012255
-0.072390
-0.032845
-0.058639
0.043678
-0.033469
0.048138
-0.020877
-0.139595
-0.037434
-0.051396
-0.039291
-0.048040
0.031512
-0.019759
0.098063
-0.109133
0.045708
0.031828
-0.112936
-0.061243
0.097821
-0.033677
-0.092725
0.051341
-0.018281
-0.083762
0.165960
-0.018749
0.002676
0.036158
-0.085444
0.017038
-0.019120
-0.040413
-0.017588
-0.067585
-0.052426
0.018640
-0.048615
0.090400
-0.049243
