-0.087405
-0.004363
-0.059430
-0.003342
-0.053102
0.041076
0.048024
0.028278
-0.012283
0.102946
-0.007660
-0.020291
0.009337
0.043565
-0.055322
0.033274
0.008760
0.015022
-0.007174
-0.012678
-0.088515
0.009586
-0.009474
0.088006
0.011934
-0.117517
-0.007298
0.026468
0.011572
0.069466
0.030152
0.038174
0.059844
-0.040633
0.009895
-0.016841
-0.042846
-0.107589
0.009207
-0.025577
-0.055304
-0.001595
0.020561
-0.020233
-0.102144
-0.043914
0.053187
0.037627
-0.037908
0.011433
-0.002942
-0.062898
0.039065
-0.050580
0.030052
-0.052145
-0.040466
-0.041889
0.025001
0.080119
-0.041829
0.137650
0.076831
-0.004195
0.005127
-0.015559
0.055979
-0.076243
0.014895
-0.015357
-0.080833
-0.107409
-0.049740
-0.008858
-0.059190
0.099652
-0.080951
-0.032369
0.034713
0.061223
-0.006124
0.052651
-0.018673
0.037473
0.148563
-0.090758
0.028389
0.016709
-0.109829
-0.074881
0.003980
-0.048645
0.035484
-0.052711
-0.087470
0.140531
0.031687
0.087139
0.088932
-0.154012
0.005454
-0.140528
-0.020216
0.050504
-0.056955
0.070432
-0.108530
-0.026594
-0.029761
-0.107838
0.023884
0.015705
0.043588
0.005187
-0.124069
0.094939
0.043359
-0.027375
0.001597
-0.021032
-0.061441
0.006368
0.012099
-0.021351
-0.057903
-0.081723
-0.012654
-0.132556
-0.009798
-0.014047
0.047747
0.072475
-0.009548
-0.080307
0.014314
-0.082513
0.031984
-0.007737
0.052691
-0.076179
-0.005202
-0.096003
0.012732
0.032711
-0.051091
0.046841
0.065079
-0.011546
-0.016532
-0.097414
-0.065576
0.102784
-0.009088
0.041172
-0.085068
0.080640
-0.018567
0.083291
-0.039910
0.131723
0.009972
-0.105087
0.032072
-0.049154
0.056306
-0.108764
0.077682
-0.086052
0.013184
-0.038540
0.013324
0.104747
-0.035588
0.060760
0.048861
0.041141
-0.038720
-0.021053
0.004456
-0.002173
0.014493
-0.060611
-0.011968
0.015297
-0.017654
0.067451
-0.035226
-0.034399
-0.092734
-0.126167
0.081424
0.117595
-0.011463
0.002131
0.125962
0.035972
0.038829
-0.018596
0.044370
0.044071
-0.071168
0.068354
0.023748
0.022285
-0.052142
-0.044590
-0.088876
-0.060445
-0.109444
0.061735
-0.082967
0.028893
0.163693
-0.022969
0.054740
0.007125
0.054445
0.051696
0.015071
0.072626
-0.009770
0.066122
0.023624
-0.049209
0.076955
0.013605
-0.077325
-0.015085
-0.009695
-0.188942
-0.072061
0.059429
0.108697
0.006763
-0.061089
0.172886
0.079161
0.016411
0.027346
-0.042403
0.008120
-0.055237
-0.116323
-0.017218
-0.002948
0.024212
0.012045
0.048028
-0.073765
0.010330
0.053813
-0.025057
-0.049251
-0.148469
-0.062754
0.027830
0.091544
-0.035461
0.087582
0.029612
-0.071356
0.034218
-0.043343
-0.045356
-0.046509
-0.039683
0.077821
-0.026886
-0.000303
-0.081103
0.030502
-0.060402
0.003986
-0.055837
-0.096969
0.120473
0.096661
0.003457
0.056641
-0.010154
-0.051826
0.017589
0.045737
0.028371
-0.042321
0.057918
-0.008435
-0.094330
-0.046506
0.077672
0.059096
-0.039559
0.055899
0.092735
0.002852
0.018431
0.004837
-0.024280
0.038618
-0.003637
0.018152
0.065551
0.079848
-0.037041
0.060540
-0.174800
-0.050295
0.030664
0.037270
-0.081473
0.080448
-0.056105
-0.033576
-0.068120
0.123439
0.010932
0.040692
0.151367
0.054227
0.070490
-0.061100
-0.054083
0.030780
-0.055341
0.037291
-0.005497
0.065300
0.113616
0.000391
0.069264
0.045678
0.097111
-0.031497
0.126710
0.024567
0.028256
-0.009731
0.066750
0.056484
0.009545
0.021820
0.031154
0.064779
-0.061757
-0.047904
0.041442
0.006110
-0.082884
-0.014988
-0.130442
0.059749
0.018194
-0.123114
-0.012110
-0.012281
0.062774
0.025391
-0.045092
0.029021
-0.044913
-0.041328
-0.052284
0.034953
-0.069588
0.012888
0.026247
0.036030
-0.112271
0.031414
0.008868
-0.008381
-0.019873
-0.060446
-0.095446
-0.060803
-0.101535
0.018520
0.045036
0.100077
-0.116982
0.039705
-0.012892
-0.041048
-0.074363
0.041079
-0.038927
0.054557
0.017947
0.068794
0.000626
-0.052733
-0.017674
0.066305
0.023263
0.003532
0.021742
-0.031452
0.068175
-0.077223
-0.040908
-0.003274
0.064081
0.025830
-0.122944
-0.004311
0.032758
0.057921
0.043915
0.058217
0.051373
-0.084252
0.036120
0.074802
0.048811
-0.067627
-0.035905
0.044614
-0.078847
0.083782
0.092641
0.007515
-0.125169
0.068657
0.104532
-0.035469
0.130759
-0.044909
0.036978
0.013932
0.021628
0.074949
0.120051
0.015033
-0.042473
-0.064704
0.044095
0.066459
0.036358
-0.093463
0.063194
0.008056
0.056447
-0.026477
-0.055898
0.059746
-0.042850
-0.072628
0.063064
-0.062227
-0.057714
0.062639
0.085210
0.000501
0.042131
0.010122
-0.072539
0.052021
0.016181
0.028202
-0.089072
-0.167637
-0.072258
-0.096196
-0.087947
0.052100
0.122224
-0.075412
0.015353
-0.071340
0.042853
-0.036070
-0.049633
-0.088379
-0.078753
-0.011222
-0.055280
0.038901
-0.002790
-0.119227
0.004793
-0.046692
-0.043323
0.007030
0.164749
-0.006772
0.076698
-0.074793
0.095645
-0.007386
-0.041174
-0.015145
0.086459
-0.052218
-0.068125
0.011696
0.012145
-0.019675
0.030977
-0.070114
-0.026598
0.109827
-0.036104
-0.014298
-0.010504
-0.089096
-0.026323
-0.058825
-0.012133
0.023683
-0.098153
0.079463
0.088573
