-0.113050
0.008659
-0.080456
0.022281
-0.089169
0.064830
0.047548
0.103957
-0.019192
0.072216
-0.034433
-0.050283
-0.022552
0.050159
0.010174
0.055243
-0.001111
-0.013600
-0.023958
0.036158
-0.083392
0.022581
0.015510
0.055810
-0.024778
-0.126985
-0.039841
0.075501
0.017367
0.036159
0.032095
0.025822
0.038137
-0.002990
0.015250
-0.009000
-0.099045
-0.091641
-0.028788
-0.003968
-0.090841
-0.016454
0.046040
0.022813
-0.105570
-0.038340
0.016787
0.056959
-0.055029
0.006558
-0.031703
-0.032332
0.052147
-0.045617
0.079500
-0.054361
-0.037657
-0.063342
-0.022799
0.015182
-0.087785
0.151965
0.052666
0.006955
0.058424
0.009441
0.055170
-0.063455
0.020739
-0.022779
-0.031417
-0.062701
-0.026795
0.016452
-0.083518
0.096406
-0.097645
-0.016868
0.016010
0.061208
0.058162
0.019567
-0.023475
0.064903
0.150022
-0.100076
0.019375
0.058727
-0.082756
-0.080570
0.035274
-0.030151
0.056952
-0.002097
-0.140986
0.116561
-0.001571
0.098573
0.065573
-0.150682
-0.034242
-0.111618
-0.055044
-0.013147
-0.033689
0.061373
-0.096514
-0.033899
0.001144
-0.127391
0.030625
-0.006872
0.035291
0.001738
-0.128506
0.121344
-0.019607
-0.031495
0.047721
-0.040264
0.025206
-0.002108
0.007766
-0.036856
-0.058734
-0.041182
-0.051077
-0.117059
0.018879
-0.000078
0.034777
0.079335
-0.016300
-0.024533
0.004608
-0.023639
0.072939
0.040327
0.027560
-0.015664
-0.025012
-0.090552
0.014967
0.041038
-0.071655
0.024129
0.025248
0.008839
-0.029049
-0.038930
-0.052048
0.103871
0.055924
0.003267
-0.069995
0.097161
-0.041592
0.099326
-0.062900
0.127568
0.042978
-0.076395
0.030611
-0.008326
0.082838
-0.084713
0.073458
-0.099559
-0.016324
-0.046496
0.005360
0.099298
-0.074080
0.045039
0.040195
0.050683
-0.062930
0.023768
-0.003007
-0.050821
-0.051062
-0.093094
-0.003271
0.054491
0.019047
0.126851
0.013317
-0.027133
-0.009049
-0.106355
0.101014
0.099540
0.006017
0.014750
0.125406
-0.006798
-0.001634
-0.042844
0.053187
0.034923
-0.047961
0.041669
0.020594
0.052815
-0.034148
-0.011052
-0.083202
-0.070800
-0.094374
0.068336
-0.099903
0.009531
0.187519
-0.055634
0.026348
0.000945
0.035496
0.051196
0.052876
0.041144
-0.022851
-0.014264
0.034388
0.011576
0.126490
0.033698
-0.094877
-0.022864
-0.026986
-0.159555
-0.095757
0.048108
0.108836
0.036942
-0.044606
0.137076
0.036513
0.012553
0.039407
-0.013746
-0.006691
-0.026718
-0.071137
-0.022948
0.000784
0.065207
-0.012832
0.048359
-0.095700
0.057570
0.033995
-0.026387
-0.050684
-0.123965
-0.064942
-0.041160
0.081675
-0.039331
0.087180
-0.016476
-0.045289
0.019327
-0.058740
-0.015290
-0.003017
0.010677
0.131281
0.027675
0.047822
0.015035
0.042333
-0.018355
-0.060201
-0.016769
-0.098991
0.056637
0.019156
-0.051863
0.053704
-0.028135
-0.079820
-0.028730
0.029561
0.044810
-0.039602
0.043332
-0.012953
-0.062155
-0.018466
0.081692
0.048623
0.015658
-0.036135
0.008389
-0.094551
0.052578
0.025660
-0.010417
0.088887
-0.013243
-0.060367
0.013584
0.026034
-0.011305
0.090054
-0.136182
-0.058560
0.094940
0.041331
-0.089904
0.022617
-0.075977
-0.069066
-0.119722
0.086469
0.075050
0.069704
0.105113
0.050092
-0.000032
0.004972
-0.005457
-0.004547
0.007932
0.062240
0.017086
0.037945
0.103046
-0.030288
0.009173
0.055801
0.101048
-0.039741
0.135933
0.080877
-0.000461
-0.076818
0.017778
0.108262
0.018171
-0.028121
0.062137
0.106961
-0.065055
-0.064484
-0.015469
0.022223
-0.058835
-0.037910
-0.095497
-0.014768
0.049434
-0.159184
-0.028073
-0.006724
0.010375
0.050972
-0.067132
-0.002889
-0.025730
0.049138
-0.048220
0.030200
0.037717
0.056747
-0.015755
0.031250
-0.133368
0.058746
0.069800
0.007155
-0.012837
-0.078901
-0.043748
0.010140
-0.117174
0.044880
0.029674
0.035274
-0.095435
-0.008140
-0.003317
-0.091495
-0.053971
0.000792
-0.034413
0.063856
0.033318
0.047319
0.008799
-0.024203
-0.085602
0.035037
-0.042124
0.054672
0.062245
0.019949
0.055163
-0.070235
-0.098960
-0.009922
0.069960
0.049533
-0.126527
0.009641
-0.012587
0.086788
0.063413
0.004944
-0.038655
-0.048060
0.003236
0.085513
0.060913
-0.103458
0.063993
0.106541
-0.074554
0.128701
0.085501
-0.012441
-0.101055
0.044824
0.054506
-0.112770
0.169152
-0.019754
-0.073338
0.051008
0.014489
0.060095
0.115974
-0.008167
-0.078931
-0.016255
0.091754
0.101186
0.009183
-0.089096
0.049602
0.074918
0.092431
-0.042800
-0.054755
0.080011
-0.026227
-0.062305
0.037869
-0.074589
-0.028744
0.026983
-0.008334
0.013820
0.065101
0.025902
-0.039430
0.027429
-0.005420
0.010679
-0.026296
-0.144445
-0.089343
-0.140062
-0.080278
0.049462
0.064231
-0.059058
-0.034148
-0.072661
-0.014835
-0.072662
-0.010827
-0.125374
-0.054474
-0.027159
-0.039712
0.003004
0.011646
-0.101108
0.046285
-0.030732
-0.029045
0.019394
0.136166
-0.004497
0.153977
-0.074880
0.066250
-0.078630
-0.029692
-0.031023
0.077107
0.048242
-0.091467
0.038279
0.005620
0.007612
0.057717
-0.078236
-0.041568
0.070255
0.001614
-0.055270
-0.026316
-0.057016
-0.020902
-0.005795
-0.008537
0.031387
-0.054924
0.042370
0.009452
