-0.108108
-0.018864
-0.070029
-0.006967
-0.045807
0.033846
0.047649
0.033862
0.003498
0.108784
-0.021685
-0.013297
0.016793
0.058615
-0.065356
0.042898
-0.008407
0.000117
-0.003106
-0.003113
-0.088828
-0.005992
-0.005305
0.080461
0.016393
-0.130676
-0.017088
0.020527
0.014187
0.079195
0.057168
0.054159
0.073883
-0.043430
0.022295
-0.029918
-0.052768
-0.100871
-0.007123
-0.024904
-0.059767
0.011343
0.034692
-0.038545
-0.112197
-0.055974
0.028809
0.025157
-0.027496
0.030176
-0.001028
-0.072289
0.054350
-0.062861
0.040292
-0.055599
-0.052756
-0.060603
0.037003
0.073384
-0.033428
0.138141
0.064708
-0.007946
0.014989
0.002622
0.042994
-0.071351
0.009533
-0.022567
-0.089970
-0.117280
-0.054593
0.000684
-0.058636
0.102244
-0.071958
-0.030770
0.049698
0.075636
0.001593
0.045991
-0.040904
0.051854
0.161238
-0.098925
0.025294
0.014912
-0.097637
-0.055172
-0.001223
-0.054046
0.039529
-0.031540
-0.095351
0.134438
0.031757
0.093549
0.084951
-0.159646
-0.013522
-0.136043
-0.025122
0.050856
-0.064252
0.081569
-0.092007
-0.013535
-0.009685
-0.093608
0.016024
-0.006660
0.047717
0.014771
-0.117289
0.097172
0.023395
-0.036709
0.033562
-0.030246
-0.046494
0.024088
0.018875
-0.023078
-0.038024
-0.061656
-0.026407
-0.121369
-0.004485
-0.027053
0.064510
0.069334
-0.022373
-0.095235
-0.008520
-0.067374
0.052905
0.009663
0.040377
-0.039887
0.001541
-0.092100
0.021012
0.038177
-0.065329
0.053679
0.081800
-0.010864
-0.015261
-0.114436
-0.059485
0.078726
0.013884
0.001256
-0.074349
0.087520
-0.021189
0.084541
-0.057862
0.127388
0.050320
-0.099674
0.037124
-0.044890
0.046772
-0.105747
0.064497
-0.102871
0.005491
-0.032505
-0.012835
0.105945
-0.034529
0.067005
0.051657
0.030872
-0.026884
-0.036028
0.012797
-0.011917
0.023635
-0.052836
0.006389
0.031466
-0.020265
0.052069
-0.016045
-0.012085
-0.052031
-0.116932
0.077968
0.109061
-0.018896
0.007524
0.132759
0.004439
0.019768
-0.027060
0.037699
0.064592
-0.075552
0.087572
0.032349
0.031029
-0.041247
-0.055729
-0.081954
-0.070784
-0.083681
0.053636
-0.075975
0.024560
0.182896
0.000759
0.054611
0.003040
0.070985
0.040149
0.019011
0.050020
-0.022591
0.080359
0.040315
-0.034783
0.072361
0.005598
-0.073387
-0.032155
-0.025442
-0.165139
-0.075008
0.058523
0.105074
0.012328
-0.061386
0.153564
0.070027
0.008920
0.032337
-0.047938
0.005972
-0.056830
-0.118447
-0.004548
0.014900
0.026101
0.028332
0.041764
-0.075954
-0.009040
0.035479
-0.041302
-0.062525
-0.144526
-0.050801
0.033016
0.101104
0.005493
0.072330
0.005752
-0.068680
0.058536
-0.035445
-0.040366
-0.028980
-0.036041
0.043971
-0.042938
-0.006465
-0.097803
0.028627
-0.027039
0.005158
-0.047634
-0.119673
0.092886
0.069304
-0.022345
0.038035
-0.012658
-0.054420
0.008646
0.022242
0.044902
-0.026445
0.043128
-0.022578
-0.121383
-0.044960
0.057464
0.037325
-0.065249
0.028009
0.142685
0.018292
-0.022357
0.006057
-0.046592
0.043684
-0.003210
0.010211
0.058546
0.093359
-0.025197
0.090340
-0.151901
-0.045006
0.061863
0.022877
-0.092220
0.097794
-0.042412
-0.068461
-0.087939
0.127390
-0.013580
0.070877
0.135517
0.047183
0.075868
-0.033234
-0.043394
0.011410
-0.050156
0.006303
-0.011717
0.042330
0.115981
-0.012997
0.070168
0.026024
0.092844
-0.044526
0.141929
0.005897
0.050976
-0.004442
0.052888
0.059167
0.043292
0.007695
0.056730
0.083628
-0.057336
-0.062045
0.048597
0.004537
-0.062164
-0.017416
-0.152338
0.031646
0.010823
-0.126495
-0.040571
-0.019598
0.054980
0.047347
-0.077051
0.029601
-0.037216
-0.017992
-0.041556
0.009286
-0.080077
0.023403
0.029818
0.043426
-0.130298
0.022251
-0.001488
-0.002954
-0.031953
-0.073728
-0.071073
-0.081640
-0.088311
0.034839
0.035150
0.089322
-0.082286
0.033690
-0.019508
-0.010733
-0.038994
0.033801
-0.069380
0.064166
0.000737
0.076442
0.003597
-0.060456
-0.027668
0.062897
-0.015868
-0.007203
-0.012672
-0.020212
0.055834
-0.072815
-0.000944
-0.015404
0.045969
0.022641
-0.128503
-0.006111
0.031329
0.066359
0.030908
0.049542
0.072761
-0.072754
0.041481
0.065377
0.031482
-0.062988
-0.046570
0.026727
-0.113544
0.077449
0.113861
0.035782
-0.107864
0.043812
0.098256
-0.033006
0.125282
-0.049898
0.015987
0.011918
-0.004069
0.087822
0.135335
0.026903
-0.027582
-0.055768
0.035781
0.037863
0.031993
-0.092216
0.042864
0.009391
0.071059
-0.024194
-0.040181
0.046995
-0.050350
-0.066110
0.052726
-0.031559
-0.042107
0.052405
0.118187
-0.018309
0.026395
0.015244
-0.053801
0.041487
-0.010092
0.011474
-0.093694
-0.166948
-0.099737
-0.115592
-0.074109
0.066427
0.134731
-0.065166
0.001766
-0.065288
0.031876
-0.037221
-0.044619
-0.092171
-0.086078
0.012057
-0.038699
0.034608
-0.017354
-0.111239
0.044572
-0.060623
-0.050198
-0.011001
0.161841
-0.035172
0.084295
-0.078602
0.082872
-0.016945
-0.029904
-0.015703
0.092027
-0.030209
-0.068921
0.007768
0.006722
0.008918
0.032561
-0.048335
-0.025810
0.110441
-0.052459
-0.015909
-0.016035
-0.071443
-0.021669
-0.048621
-0.022914
0.033817
-0.113549
0.070249
0.081627
