-0.003510
-0.059258
-0.030553
0.008033
0.020359
0.042586
0.031687
-0.031868
-0.041216
0.102722
-0.030783
-0.029858
0.023262
0.050424
-0.086716
-0.030813
0.039530
0.060008
0.064959
-0.046648
-0.092613
-0.011227
-0.024283
0.114521
0.043655
0.011214
0.040416
0.014449
0.008767
0.076631
0.008969
0.038302
0.009049
-0.080949
0.056116
0.000427
-0.002006
-0.094582
-0.023098
-0.045298
0.010268
0.035393
-0.071115
-0.091790
-0.035690
-0.008349
0.098681
-0.035874
-0.016810
0.001023
-0.024385
-0.106299
-0.014745
-0.015214
0.015979
-0.037972
-0.003163
0.016747
0.102179
0.128824
-0.006838
0.101427
0.057400
0.007956
-0.070615
-0.024038
0.028890
-0.020707
0.042869
0.030457
-0.054919
-0.067662
-0.084424
-0.035808
-0.049421
0.019309
-0.108107
0.002744
0.011768
0.021197
-0.082951
0.054374
0.037419
-0.035846
0.107293
-0.042561
0.002720
0.023474
-0.102141
-0.018755
0.003706
-0.043785
-0.001157
-0.082579
-0.054318
0.143426
0.006138
0.034432
0.009815
-0.124782
-0.009238
-0.112938
0.058376
0.072245
-0.052439
0.047700
-0.124093
-0.051359
-0.051406
-0.030816
0.022720
0.074857
0.052671
-0.012737
-0.119664
0.028462
0.067760
-0.016056
-0.078320
-0.000324
-0.107366
-0.027190
-0.006425
0.031872
-0.066696
-0.072688
0.007614
-0.051888
-0.001512
-0.014709
-0.008443
0.040817
-0.013714
-0.110915
0.022647
-0.097175
-0.032604
-0.048302
0.053065
-0.104358
0.008969
-0.093435
-0.025345
0.015173
-0.035092
0.011401
0.074379
-0.071490
0.036377
-0.090104
-0.010115
0.084063
-0.052177
0.065998
-0.048677
-0.043620
-0.064817
0.036127
0.026177
0.121591
-0.037495
-0.099838
0.078134
-0.081464
-0.020332
-0.021937
0.060359
-0.061422
0.021321
-0.080640
0.050161
0.070405
-0.029121
0.026298
0.105629
0.062508
-0.010399
-0.073353
-0.053729
0.030298
0.096991
-0.035635
-0.016086
-0.038200
-0.039912
-0.051371
0.034179
-0.068896
-0.123338
-0.117881
0.076163
0.077491
-0.016753
0.061532
0.104605
0.127856
0.075992
0.036657
-0.000313
0.060919
-0.074925
0.070168
0.033413
0.015265
-0.081824
-0.018794
-0.077382
-0.077510
-0.117343
0.018514
-0.018841
0.026178
0.111704
-0.019028
0.133789
-0.013899
-0.005599
0.089879
-0.009004
0.107257
0.002988
0.066524
-0.012430
-0.083657
0.038449
-0.012941
-0.124899
0.038846
0.050795
-0.203619
0.019971
0.069786
0.120237
-0.059230
-0.085075
0.155687
0.077756
0.037476
0.037657
-0.057078
-0.019783
-0.081684
-0.119873
-0.013217
-0.012765
-0.005714
0.027606
0.037390
-0.052875
0.019051
0.080424
-0.029228
-0.038376
-0.090690
-0.053385
0.069211
0.110682
-0.034804
0.044046
-0.013782
-0.051950
0.040309
-0.114754
-0.076587
-0.066062
-0.038866
0.002711
-0.025837
0.094394
-0.055907
0.053389
-0.056912
-0.049560
-0.056458
-0.072578
0.098568
0.115782
-0.068322
0.052836
-0.002582
-0.014293
0.026352
0.038688
-0.021680
-0.042553
0.079360
-0.093271
-0.088729
-0.049365
0.066968
0.001112
-0.008407
0.038270
0.073056
0.026335
0.030407
-0.013565
-0.003824
0.034427
-0.002341
-0.000825
0.067192
-0.011958
-0.032943
-0.023828
-0.171144
-0.052833
0.037224
0.094074
-0.064854
0.063016
-0.034290
-0.072908
-0.060307
0.086211
0.043239
0.068537
0.137145
0.080610
0.084198
-0.031572
-0.058403
-0.029741
-0.033146
0.095042
-0.009659
0.044018
0.051740
0.043798
0.063613
0.032065
0.068572
-0.079089
0.116790
0.013090
-0.002329
-0.000370
0.047379
0.088418
0.013923
0.017548
0.035339
0.112309
-0.081709
-0.019224
0.027017
0.054872
-0.086914
-0.063718
-0.059881
0.104930
0.022847
-0.077133
-0.022478
-0.060520
0.062067
-0.007774
-0.080894
0.013542
-0.061198
0.016654
-0.046201
0.075407
0.010715
0.062965
0.001436
0.012573
-0.137498
0.106496
0.042806
-0.048226
0.008550
-0.028568
-0.052576
-0.100201
-0.078408
0.034621
0.046610
0.116571
-0.135059
0.017622
0.025138
0.009054
-0.068344
0.041726
-0.037619
0.036749
0.029176
0.013625
-0.013054
-0.000790
0.011826
0.100437
0.022982
0.040772
0.078964
-0.064188
0.060888
-0.070183
-0.143834
-0.011892
0.035853
0.022282
-0.025769
-0.038571
0.024196
0.042644
0.089547
0.060166
0.017889
-0.083065
-0.006972
0.093859
0.031235
-0.016140
0.023221
-0.011592
-0.080037
0.078117
0.065280
0.068826
-0.083488
0.025423
0.078382
-0.048635
0.079600
-0.038573
0.091983
0.002270
0.027907
0.118279
0.066630
-0.013169
-0.009792
-0.063469
0.066898
0.038837
0.046339
-0.083069
0.063522
-0.005529
0.067110
-0.012351
-0.041794
0.060230
0.040960
-0.077602
0.077342
-0.009663
-0.041064
0.061536
0.037972
0.038223
0.113413
0.024600
-0.034377
0.049886
0.049242
0.045665
-0.057020
-0.174650
-0.103880
-0.110157
-0.091223
0.013278
0.078727
-0.047749
0.029559
-0.074971
0.066080
-0.050498
-0.045993
-0.065188
-0.053027
0.016995
-0.095042
0.025839
-0.012136
-0.110489
-0.007937
-0.085673
-0.039545
-0.041212
0.095342
-0.019587
0.081843
-0.080158
0.123562
-0.003018
-0.079200
-0.053503
0.105572
-0.018701
-0.073059
0.007290
0.005546
-0.052808
0.105101
-0.076009
-0.024639
0.080116
-0.055005
-0.021097
-0.002228
-0.032221
-0.013937
-0.056425
-0.041988
0.021286
-0.101307
0.078513
-0.027379
