-0.099167
-0.023276
-0.069484
-0.012727
-0.042510
0.048040
0.050822
0.028413
-0.006648
0.089334
-0.022120
-0.015296
0.017159
0.053043
-0.072763
0.019026
0.000797
0.005863
0.000480
-0.021815
-0.082472
-0.004776
-0.026625
0.086403
0.026026
-0.121717
-0.025289
0.011087
0.012486
0.064145
0.043154
0.043596
0.066678
-0.050303
0.006044
-0.034188
-0.034465
-0.112309
0.002491
-0.045704
-0.040721
-0.000463
0.036957
-0.034914
-0.091488
-0.049135
0.042962
0.037418
-0.035231
0.014694
-0.004311
-0.060670
0.045565
-0.047951
0.014370
-0.058303
-0.033275
-0.051971
0.046068
0.065315
-0.032288
0.146563
0.057879
-0.012050
-0.003040
-0.015891
0.053928
-0.074644
0.015293
-0.013974
-0.078580
-0.108251
-0.057160
-0.003546
-0.060015
0.117197
-0.074607
-0.040365
0.023575
0.083156
-0.010973
0.051840
-0.022497
0.038938
0.152206
-0.096742
0.036041
0.008712
-0.104575
-0.078908
-0.010925
-0.061457
0.024939
-0.053081
-0.088246
0.144983
0.031550
0.083619
0.084848
-0.169691
-0.002414
-0.129957
-0.026216
0.061798
-0.063873
0.083628
-0.107736
-0.012112
-0.034570
-0.097142
0.034674
0.007449
0.061330
0.003456
-0.123379
0.078041
0.036110
-0.030067
0.004805
-0.029232
-0.064401
0.000040
0.011134
-0.016822
-0.061982
-0.064565
-0.018263
-0.128714
-0.011051
-0.015744
0.037964
0.053931
-0.009447
-0.079703
0.020461
-0.082098
0.036209
-0.002050
0.056918
-0.057913
0.010634
-0.092930
0.020838
0.039097
-0.045709
0.042357
0.070349
-0.009367
-0.028435
-0.101430
-0.064448
0.099835
-0.012551
0.010548
-0.089851
0.079335
-0.039071
0.076293
-0.036517
0.135015
0.028467
-0.105371
0.041581
-0.048505
0.040290
-0.105347
0.071702
-0.092127
0.031574
-0.035895
0.010470
0.106749
-0.019740
0.054822
0.055773
0.037414
-0.029235
-0.046489
0.019729
-0.015269
0.033439
-0.065133
-0.019760
0.011506
-0.019309
0.060504
-0.029384
-0.027604
-0.062800
-0.127481
0.071947
0.106400
-0.009389
0.000772
0.138237
0.033063
0.020772
-0.017492
0.037704
0.043817
-0.077241
0.083530
0.020141
0.023625
-0.046109
-0.062788
-0.095392
-0.072667
-0.095538
0.071164
-0.078427
0.012932
0.167970
-0.001825
0.062777
0.005885
0.045450
0.054698
0.016306
0.064212
-0.026039
0.078358
0.036199
-0.046543
0.067190
0.011679
-0.065125
-0.012718
-0.022155
-0.177825
-0.064103
0.059960
0.114505
0.005046
-0.056966
0.158741
0.077032
0.014719
0.039760
-0.047306
-0.009453
-0.063391
-0.112235
-0.006929
0.018027
0.015179
0.021773
0.046381
-0.071576
-0.000434
0.039944
-0.030955
-0.054983
-0.143114
-0.063636
0.026476
0.100401
-0.000357
0.066350
0.045304
-0.072092
0.061358
-0.034367
-0.053510
-0.030919
-0.044099
0.073888
-0.052933
-0.005161
-0.099001
0.028647
-0.058216
0.017383
-0.056568
-0.105796
0.099579
0.089640
-0.024221
0.064123
0.013230
-0.075908
0.019185
0.038966
0.034923
-0.032297
0.049322
-0.022069
-0.101604
-0.062548
0.060162
0.047749
-0.043456
0.026217
0.107592
0.015732
-0.006235
-0.002410
-0.062075
0.035756
0.009496
0.034572
0.067272
0.087721
-0.004129
0.076581
-0.147501
-0.051804
0.059411
0.052156
-0.099822
0.081216
-0.033287
-0.034386
-0.072631
0.126851
0.012562
0.049088
0.134787
0.031857
0.082629
-0.035398
-0.041268
0.018001
-0.049678
0.024169
-0.020680
0.046841
0.120265
-0.007222
0.075263
0.018714
0.079547
-0.055445
0.131034
0.002049
0.033700
0.007362
0.035381
0.062601
0.031362
-0.007567
0.040785
0.076980
-0.059101
-0.048747
0.036325
0.002042
-0.054816
-0.042116
-0.146638
0.050099
0.027653
-0.148901
-0.006125
-0.006344
0.063929
0.058941
-0.070457
0.041305
-0.048140
-0.028313
-0.041559
0.019406
-0.063037
-0.003720
0.007896
0.037739
-0.104146
0.000690
-0.014616
-0.003833
-0.027023
-0.058785
-0.060452
-0.068835
-0.093451
0.034676
0.060950
0.098638
-0.123088
0.056122
-0.016380
-0.038953
-0.073822
0.042261
-0.051191
0.055289
0.004366
0.071793
-0.003325
-0.039397
-0.030393
0.053165
0.001114
0.015635
0.007780
-0.035403
0.059002
-0.076605
-0.008490
-0.019830
0.070875
-0.007579
-0.119303
-0.015987
0.005228
0.047099
0.025499
0.060478
0.067793
-0.082566
0.034965
0.066470
0.027155
-0.085283
-0.053615
0.012569
-0.087543
0.072684
0.091152
0.017262
-0.111091
0.063222
0.108604
-0.033491
0.122280
-0.050410
0.018655
0.018591
0.013901
0.085312
0.127689
0.025498
-0.038525
-0.063608
0.043681
0.046380
0.036715
-0.079322
0.056537
0.000498
0.065129
-0.036388
-0.055051
0.024659
-0.047389
-0.077311
0.068756
-0.020186
-0.056142
0.063186
0.091194
-0.015466
0.049414
0.016210
-0.076639
0.047464
-0.000353
0.025799
-0.101190
-0.178064
-0.089327
-0.106975
-0.058589
0.061049
0.117463
-0.089316
0.007379
-0.074602
0.022464
-0.034708
-0.059481
-0.099067
-0.078707
0.020900
-0.036253
0.040653
0.003643
-0.102774
0.029580
-0.048968
-0.036353
-0.034154
0.167975
-0.035774
0.096100
-0.067703
0.090531
-0.019629
-0.041901
-0.026067
0.103445
-0.029375
-0.066064
0.021485
0.004339
0.010723
0.015105
-0.060879
-0.041539
0.094099
-0.055605
0.009786
-0.016566
-0.091765
-0.033098
-0.058021
-0.012777
0.032319
-0.094825
0.080291
0.079667
