-0.116506
-0.009744
-0.095045
-0.002685
-0.083765
0.040002
0.049703
0.061216
-0.020057
0.078468
-0.022492
-0.043656
0.002292
0.038300
-0.038106
0.025797
-0.001710
-0.016095
-0.006574
0.016325
-0.082538
-0.003231
-0.009641
0.065417
-0.003142
-0.144849
-0.042658
0.025292
-0.008888
0.048549
0.004828
0.029281
0.072526
-0.010848
-0.014012
-0.007052
-0.070304
-0.115514
-0.005574
-0.066554
-0.071789
-0.020767
0.057791
0.000437
-0.088029
-0.053043
0.027242
0.066604
-0.061667
0.003700
0.000283
-0.030542
0.060471
-0.057975
0.039410
-0.067914
-0.032931
-0.074347
0.017244
0.040286
-0.067050
0.143190
0.055315
0.017223
0.027023
-0.008905
0.078447
-0.093188
0.017575
-0.012899
-0.061177
-0.097396
-0.028983
0.003595
-0.055024
0.140067
-0.067442
-0.043488
0.042645
0.086403
0.030565
0.044588
-0.013532
0.050202
0.144318
-0.110448
0.033709
0.018547
-0.092121
-0.051134
0.010439
-0.062942
0.015187
-0.030643
-0.112024
0.133412
0.035730
0.079092
0.079616
-0.165988
-0.030628
-0.107722
-0.053332
0.030540
-0.065811
0.087575
-0.094531
-0.018945
-0.040421
-0.115539
0.053978
0.022736
0.037652
0.000490
-0.114352
0.097647
0.017191
-0.018106
0.029497
-0.034377
-0.029500
0.000416
-0.004371
-0.043875
-0.044458
-0.046153
-0.027418
-0.137603
0.002094
0.005338
0.025529
0.047112
-0.017462
-0.043073
0.025744
-0.057950
0.060646
0.012562
0.059168
-0.038363
-0.000439
-0.104471
0.035850
0.031746
-0.031056
0.027510
0.046376
0.029721
-0.030783
-0.069947
-0.060149
0.113843
0.007857
-0.008803
-0.073513
0.113401
-0.059299
0.060732
-0.051353
0.106990
0.028702
-0.089714
0.038587
-0.040633
0.053536
-0.118209
0.075367
-0.112144
0.029213
-0.040348
-0.002397
0.100298
-0.052204
0.045121
0.030947
0.066485
-0.058974
-0.014414
0.029911
-0.043730
-0.003981
-0.085028
0.008583
0.000104
0.014366
0.108894
-0.011982
-0.027852
-0.040940
-0.109612
0.061120
0.108758
-0.013932
-0.004147
0.121957
0.012586
-0.004026
-0.019938
0.052624
0.015312
-0.068877
0.064461
0.006253
0.021445
-0.030233
-0.056536
-0.095003
-0.075999
-0.101443
0.097005
-0.098675
0.003125
0.166749
-0.017885
0.066305
0.001939
0.048563
0.038930
0.047556
0.063589
-0.016009
0.056269
0.048224
-0.007858
0.110259
0.045758
-0.078179
-0.020348
-0.014335
-0.161170
-0.080281
0.045416
0.098916
0.022605
-0.025953
0.137757
0.031793
0.003187
0.035123
-0.038591
-0.017728
-0.049778
-0.107924
-0.024589
0.015968
0.055551
0.022622
0.065542
-0.086617
0.045228
0.040308
-0.031048
-0.057763
-0.123836
-0.070485
-0.021843
0.063357
-0.019919
0.074139
0.050383
-0.044342
0.030298
-0.023537
0.001062
-0.044073
-0.034096
0.094128
-0.015727
-0.017867
-0.075186
0.064539
-0.077951
0.032799
-0.048299
-0.130310
0.096816
0.060529
0.029067
0.070910
-0.011702
-0.083050
0.007459
0.027471
0.051240
-0.019470
0.046509
0.018163
-0.086945
-0.044450
0.104513
0.042807
0.034844
-0.022837
0.090094
-0.004069
0.015667
0.021594
-0.015205
0.069656
0.003119
0.009446
0.054915
0.109430
-0.004433
0.122265
-0.133300
-0.057352
0.057483
0.008105
-0.099236
0.088830
-0.030307
-0.011339
-0.035113
0.109557
0.042150
0.058337
0.140376
0.004795
0.065673
-0.066910
-0.058507
0.008320
-0.018686
0.003872
-0.016809
0.072009
0.107524
0.002425
0.050938
0.040254
0.092435
-0.037662
0.090861
0.016008
0.045131
-0.028045
0.027299
0.072118
-0.011070
-0.004610
0.087705
0.047106
-0.085560
-0.029989
0.041332
-0.028741
-0.066268
-0.028406
-0.165579
0.034550
0.064913
-0.136882
0.020555
0.013020
0.055965
0.060607
-0.033594
0.045086
-0.032521
-0.085589
-0.013120
0.016928
-0.069892
-0.056173
-0.000589
0.006548
-0.077329
0.033010
-0.017056
0.016498
-0.027526
-0.102419
-0.063607
-0.034247
-0.080371
0.018762
0.059879
0.094990
-0.108955
0.036703
-0.013359
-0.059860
-0.062385
0.035252
-0.017488
-0.005193
0.039757
0.093642
0.008249
-0.044168
-0.050540
0.030701
-0.006712
0.028174
-0.028844
0.001574
0.063143
-0.080971
-0.026258
-0.015443
0.084654
0.009633
-0.130765
0.011724
0.015763
0.007316
-0.023942
0.042641
0.065520
-0.080962
0.058762
0.073062
0.026659
-0.095321
-0.029712
0.045787
-0.045074
0.069840
0.058006
-0.010512
-0.107634
0.074646
0.093918
-0.008720
0.158915
-0.014760
-0.026478
0.021662
0.030341
0.015040
0.167256
0.055156
-0.058955
-0.056318
0.068262
0.064238
0.023979
-0.059156
0.070587
0.005449
-0.016363
-0.070000
-0.039609
-0.006828
-0.062527
-0.078349
0.057370
-0.042950
-0.053799
0.061220
0.069183
-0.029087
0.034421
0.024937
-0.123320
0.043638
-0.013745
0.022747
-0.091227
-0.140612
-0.033841
-0.103449
-0.058815
0.094697
0.130577
-0.080285
0.001576
-0.069872
0.023934
-0.044565
-0.051881
-0.158162
-0.093166
-0.025867
-0.015080
0.045648
-0.017902
-0.101023
-0.012273
-0.006060
-0.014701
0.022969
0.183604
-0.014606
0.092230
-0.069351
0.075274
-0.053215
-0.075195
-0.020597
0.093686
-0.042395
-0.029368
0.041418
0.016603
-0.015455
0.028067
-0.101541
0.000550
0.097719
-0.024899
0.016226
-0.029106
-0.097717
-0.023608
-0.051116
0.011066
0.025302
-0.083946
0.074555
0.034557
