-0.030406
-0.029502
-0.032003
-0.030113
-0.010223
0.041383
0.036284
-0.017731
-0.009916
0.097594
-0.034722
-0.031751
0.030274
0.045667
-0.117348
-0.047683
-0.006758
0.032316
0.007587
-0.058935
-0.058698
-0.023605
-0.055221
0.126469
0.047342
-0.078276
0.002821
-0.013441
0.007713
0.065180
0.005476
0.004642
0.044658
-0.057032
0.010701
-0.013198
0.003941
-0.120489
0.000311
-0.081424
-0.016917
0.038581
-0.020247
-0.068808
-0.047253
-0.058240
0.068289
0.022627
-0.047884
-0.036301
0.003068
-0.076424
-0.006888
0.003367
-0.042354
-0.050376
0.003278
-0.023484
0.078186
0.104175
-0.009704
0.120061
0.043569
-0.022945
-0.039692
-0.029577
0.048450
-0.043738
0.031662
0.034034
-0.070555
-0.089759
-0.078509
-0.016511
-0.064728
0.088394
-0.055972
-0.038132
0.031298
0.065279
-0.083216
0.076520
0.048530
-0.031091
0.115107
-0.046882
0.024331
-0.037245
-0.083603
-0.028195
-0.047410
-0.075517
-0.031819
-0.064396
-0.041564
0.165034
0.058497
0.057502
0.062817
-0.159820
-0.009411
-0.095054
0.022476
0.117080
-0.048571
0.082894
-0.114681
-0.014220
-0.079942
-0.052477
0.057589
0.048237
0.059994
-0.038186
-0.080482
0.037412
0.068980
-0.020592
-0.052434
0.000464
-0.127110
-0.029485
0.004136
0.014540
-0.041422
-0.055843
-0.012178
-0.101421
0.002585
0.022084
-0.018378
0.013372
0.006887
-0.079837
0.052381
-0.086832
-0.007931
-0.057231
0.056196
-0.084426
0.040119
-0.063335
-0.001305
0.015346
-0.000674
0.037418
0.079117
-0.033316
-0.030787
-0.113548
-0.054754
0.104214
-0.079810
0.035977
-0.084938
0.020841
-0.065725
0.044896
0.022947
0.119393
-0.018624
-0.113694
0.048849
-0.095174
-0.026693
-0.061270
0.057379
-0.085905
0.056847
-0.045586
0.055967
0.081574
0.018912
0.047063
0.088276
0.052576
-0.011060
-0.090026
-0.010551
-0.006353
0.094688
-0.042242
-0.013811
-0.059236
-0.016621
0.011682
-0.013347
-0.062373
-0.098234
-0.154420
0.053120
0.084128
-0.030142
0.030629
0.131651
0.094116
0.065615
0.013236
0.034718
0.027332
-0.084604
0.072996
0.021471
0.000061
-0.053516
-0.056537
-0.071059
-0.054014
-0.116594
0.065692
-0.044676
-0.009129
0.110952
0.014006
0.107851
0.000759
0.022134
0.077332
-0.015545
0.107372
0.012898
0.106278
0.005230
-0.082655
0.036068
0.010327
-0.092796
0.015381
0.012857
-0.188695
-0.005109
0.065123
0.134080
-0.023040
-0.065440
0.161400
0.070608
0.020652
0.029189
-0.041467
-0.024239
-0.050788
-0.116210
-0.016276
0.009137
-0.000144
0.039312
0.037579
-0.046639
-0.003534
0.071481
-0.039450
-0.053619
-0.105854
-0.042651
0.043461
0.076770
-0.038220
0.062779
0.043723
-0.072012
0.037794
-0.035824
-0.040994
-0.107057
-0.048682
-0.004744
-0.045658
0.056765
-0.049341
0.043250
-0.053161
-0.002295
-0.060883
-0.115828
0.144426
0.106347
-0.028507
0.066037
0.020771
-0.080638
0.034609
0.001219
-0.010424
-0.043273
0.080912
-0.057703
-0.095529
-0.047773
0.092113
-0.000932
-0.003546
0.049987
0.127099
0.008819
0.003959
-0.018098
0.037285
0.075694
0.027426
-0.017177
0.075067
0.058007
0.027530
0.024184
-0.161857
-0.053925
0.032672
0.002326
-0.080111
0.079054
-0.001751
-0.036227
0.014987
0.082923
0.053475
0.076118
0.134903
0.043249
0.088403
-0.051689
-0.118834
0.004964
-0.052588
0.068908
-0.020498
0.006285
0.040948
0.025845
0.110406
0.041096
0.078681
-0.030338
0.089176
-0.006638
0.043014
-0.013511
0.002348
0.065989
0.024868
0.059784
0.026444
0.113473
-0.104527
-0.026092
0.051255
-0.001996
-0.049647
-0.035351
-0.099095
0.082282
0.017928
-0.063496
0.049363
-0.057198
0.071988
-0.004423
-0.060218
0.035738
-0.057374
-0.044949
-0.015377
0.024691
-0.052438
-0.027449
-0.004363
-0.007154
-0.135541
0.065976
0.034794
-0.017510
-0.033889
-0.036625
-0.056758
-0.062677
-0.111053
0.021215
0.060941
0.154692
-0.149621
0.063309
0.010498
-0.048425
-0.068132
0.048865
0.010652
-0.011032
0.041776
0.084966
-0.010796
-0.022832
0.034577
0.080693
0.045157
-0.012934
0.030150
-0.035369
0.063147
-0.088380
-0.095660
-0.034616
0.056159
0.001414
-0.039980
-0.021027
0.051514
0.036940
0.034019
0.062800
0.057310
-0.085664
0.033370
0.048944
0.008883
-0.028282
-0.041192
0.007669
-0.067136
0.090454
0.043855
0.049256
-0.111796
0.055979
0.104961
-0.025044
0.085313
-0.060589
0.041129
-0.025242
0.058194
0.054825
0.096316
-0.015111
-0.002703
-0.073368
0.087542
0.002327
0.045425
-0.066661
0.071338
-0.025728
-0.001173
-0.024324
-0.060932
0.042394
-0.015444
-0.093853
0.076194
-0.016720
-0.063925
0.067914
0.066141
0.017563
0.085708
0.041771
-0.096106
0.057766
0.034383
0.044008
-0.069056
-0.145607
-0.016591
-0.073869
-0.118886
0.052326
0.068611
-0.056220
0.036205
-0.063044
0.024531
-0.041378
-0.069018
-0.086222
-0.080701
0.022955
-0.071140
0.045074
-0.027358
-0.160283
-0.010528
-0.067702
-0.020513
-0.007066
0.128275
-0.049152
0.033513
-0.092842
0.085046
-0.012580
-0.073894
-0.027918
0.103627
-0.032666
-0.072580
0.017624
-0.026873
-0.026109
0.104256
-0.081313
0.003758
0.090570
-0.075437
-0.002670
-0.012683
-0.063083
-0.023011
-0.064204
-0.044699
0.021303
-0.093400
0.088695
-0.026016
