-0.106290
0.049321
-0.018452
0.045913
-0.038211
-0.054721
0.069206
-0.027098
0.114530
0.121919
0.024758
-0.064067
-0.050145
0.024724
-0.120821
0.086273
0.016088
0.050895
0.006447
-0.109682
-0.019292
-0.011532
-0.004837
0.094355
0.039155
-0.136609
0.029932
0.002394
-0.039374
0.043054
0.092494
0.044741
0.042144
-0.005683
0.062489
0.022951
-0.086698
-0.079624
0.018412
-0.067994
0.001602
0.095363
-0.007346
-0.004548
-0.092155
-0.002343
0.087614
0.013394
-0.046933
-0.021230
-0.007561
-0.019175
0.005101
-0.030168
0.105248
-0.010517
-0.027828
0.026106
0.010805
0.054179
0.016473
0.074150
0.018375
0.031753
0.020999
-0.021572
-0.088636
0.087305
-0.044345
-0.013316
-0.011542
-0.120500
-0.025368
-0.006890
0.002204
-0.017266
0.019008
-0.003473
0.109387
-0.060395
0.008179
0.045942
-0.042532
0.045292
0.123711
-0.031239
-0.044585
-0.042512
-0.207777
-0.051725
-0.120652
-0.057422
0.106781
-0.000862
-0.063173
0.214195
0.108420
0.026120
0.066669
-0.119547
0.064830
-0.103005
0.022309
0.152147
0.076120
0.032591
-0.035310
-0.048411
-0.035949
-0.018699
0.030409
0.055918
0.025142
-0.036586
-0.035592
0.080961
-0.023419
-0.002540
0.023315
0.018741
-0.068363
0.045898
0.050234
0.034988
-0.026221
-0.056987
-0.035838
-0.068019
0.118211
-0.041253
0.064177
0.036322
0.003356
-0.086915
-0.076054
-0.069953
0.006775
0.001421
0.066562
-0.062631
-0.026048
-0.061429
0.001515
0.070224
-0.071971
0.052801
0.090310
-0.061770
0.026742
-0.091255
-0.032741
0.030207
-0.035099
0.016970
-0.055343
-0.001772
-0.009077
0.091001
0.061088
0.145388
-0.066115
-0.094579
-0.005150
-0.094902
0.039656
0.002661
0.045475
-0.067525
-0.000328
-0.069860
-0.027497
-0.016967
-0.008245
0.038290
0.052529
0.008167
-0.034613
0.031505
0.006699
0.043733
0.021776
0.016897
0.048993
0.019412
-0.070955
0.006636
0.003861
-0.047482
-0.120724
-0.101154
0.065581
-0.033719
-0.065368
0.030982
0.153180
0.035417
0.074794
-0.016146
0.001271
-0.005027
-0.071716
0.050362
0.109657
0.064193
-0.047535
-0.002441
-0.057934
-0.058932
-0.032126
-0.035126
-0.038381
0.007052
0.090408
-0.026378
0.029907
0.044967
0.083922
0.054096
-0.071805
0.006598
0.033091
0.057924
0.081244
-0.040870
0.066434
-0.013378
-0.101458
-0.072884
-0.040743
-0.131537
-0.075623
0.008376
0.097161
0.005069
-0.124693
0.127680
0.080780
0.042567
0.007331
-0.042988
0.018038
0.044972
-0.080610
0.022584
-0.022016
0.042914
-0.076258
-0.039868
-0.022067
0.011680
0.052808
0.004924
-0.080293
-0.098293
-0.033418
-0.001428
0.073856
-0.015557
0.115770
0.005075
-0.033450
0.019517
-0.044009
0.110923
0.108486
-0.033804
0.021696
0.079699
0.025203
-0.049643
0.105780
-0.025403
0.044363
-0.052763
-0.034190
0.003145
0.028232
-0.026919
0.086964
0.038061
-0.025371
0.027410
0.055889
0.023630
0.116591
-0.037736
0.095741
-0.075803
-0.070295
0.112616
-0.020513
-0.024289
-0.056318
-0.049779
-0.012209
0.093854
0.077967
-0.033112
0.069031
0.024954
-0.038881
0.053838
0.061589
-0.005981
0.163451
-0.041825
-0.048691
0.095398
0.062977
-0.097648
0.042029
0.028808
-0.042981
-0.030189
0.076505
-0.053384
0.086319
0.055730
-0.054416
-0.027237
0.015756
-0.065444
-0.029059
0.054591
-0.052844
0.029483
0.027794
-0.032773
0.057884
0.096309
-0.008377
0.043828
-0.000427
0.014437
-0.013809
0.034648
-0.047016
0.053763
0.111348
-0.093795
-0.060759
0.090810
0.060060
-0.101688
0.014747
-0.000275
0.001132
-0.020887
-0.028629
-0.080129
0.010032
0.034470
-0.114289
-0.053111
0.013160
0.055502
0.047594
0.026316
0.098905
-0.038743
-0.080688
-0.044931
0.055206
-0.030548
-0.036274
0.033851
-0.017603
0.006439
0.066098
0.003101
-0.017538
-0.065283
-0.086937
0.083854
-0.016154
0.044359
0.007041
0.047905
-0.017840
-0.018884
0.020709
0.050381
0.029670
-0.017053
0.038875
0.025152
0.091997
0.082979
0.068669
-0.017195
-0.028462
-0.064366
-0.011569
-0.107726
-0.021260
-0.024139
0.047942
0.058947
-0.072942
0.000330
-0.027121
-0.003679
0.031924
-0.052186
0.001635
0.022354
0.087568
-0.073472
-0.013797
0.095401
-0.062392
0.027401
0.092500
-0.040832
-0.150496
0.052782
0.025716
-0.074895
0.053510
0.029095
-0.109167
-0.046941
0.044198
0.104322
-0.018392
0.135364
-0.039246
-0.019236
-0.019726
-0.054986
-0.030113
0.148548
0.184275
-0.061327
-0.061043
0.078087
0.034886
0.031453
0.033330
0.113409
0.047135
0.048194
-0.091441
-0.003862
-0.033837
0.013573
-0.077664
0.065855
-0.025989
-0.091695
0.062302
0.042185
0.066480
0.118663
-0.065716
0.024470
0.049822
-0.052377
0.039504
-0.087262
-0.106248
-0.033651
-0.078131
-0.020410
0.068656
0.102023
-0.080711
-0.096747
-0.045377
0.017691
-0.027118
-0.024426
-0.112610
-0.009453
0.052093
0.062137
0.053216
0.070534
-0.023010
-0.011561
0.000743
-0.009296
0.034659
0.147882
-0.071304
0.020055
-0.118650
0.034208
-0.126231
-0.092960
0.064242
0.039555
0.007166
0.103206
0.056910
0.089683
0.047501
-0.023270
-0.031672
0.015733
0.027729
-0.097905
-0.039573
-0.072232
-0.075838
-0.053109
-0.056412
-0.000770
0.052133
0.032626
0.074013
0.080891
