-0.034989
0.092427
-0.070654
0.046127
-0.091822
-0.051008
0.076165
0.004520
0.034813
0.043335
-0.015181
-0.075393
-0.032363
0.035980
-0.006903
0.026293
0.114969
0.042459
0.098692
-0.041457
-0.025133
-0.055407
-0.000759
0.041770
0.004116
-0.000487
0.088356
0.061603
0.001592
0.098516
0.041425
0.093917
0.105148
0.012686
0.058493
-0.023383
-0.068359
-0.026760
-0.044026
0.002144
-0.180840
0.093431
-0.012753
-0.059027
-0.053430
0.054200
0.062522
0.043198
-0.054984
-0.094499
-0.043443
0.030459
-0.125554
-0.015108
0.008491
0.003332
-0.022057
-0.029708
0.028317
0.050836
0.052587
0.020638
-0.042578
0.068792
0.022099
0.060501
0.006165
0.036114
-0.025739
0.008661
0.116465
0.035647
0.013417
-0.038055
0.086593
-0.052046
-0.096854
0.038752
0.020814
-0.057484
0.002601
-0.015868
0.008796
-0.009601
0.039020
0.045181
0.007235
-0.030392
-0.107424
-0.048624
-0.074692
-0.096010
0.062325
0.044161
-0.165801
0.235081
0.027618
0.008032
0.036878
-0.055146
0.061278
-0.023185
0.040791
0.096846
0.041649
0.018708
-0.024987
-0.048952
-0.089596
0.001647
-0.031443
0.067505
0.033560
-0.009634
-0.036190
0.048573
0.072344
0.066549
-0.008386
0.070986
-0.000351
-0.019523
-0.039074
0.092631
0.063677
-0.008123
-0.071408
0.024219
0.134188
-0.147766
-0.021370
0.105718
0.015052
-0.017325
-0.028728
-0.035252
0.051126
-0.001741
-0.064652
-0.016719
-0.013176
-0.067725
-0.049112
0.125891
-0.126163
-0.065525
-0.000801
-0.046647
-0.016856
-0.024265
0.072609
0.005568
0.057036
0.062032
-0.070647
-0.037612
-0.065843
0.039871
0.032821
0.100645
-0.091596
-0.089645
0.071206
-0.095657
0.002325
-0.010926
-0.010590
-0.043769
-0.043022
-0.156870
0.028108
-0.004696
-0.038547
0.020178
0.038608
0.015805
0.019514
-0.009787
0.008098
-0.017166
0.006455
-0.001840
-0.018197
0.017591
-0.043880
-0.012100
0.039613
-0.071830
-0.071428
0.036767
0.163710
-0.103724
-0.009826
0.032571
0.157866
0.120122
0.039128
-0.049174
0.043107
-0.074284
-0.077051
-0.028740
0.090392
-0.007963
-0.120151
-0.000412
-0.026231
-0.051338
0.009246
-0.048906
-0.036763
0.031701
0.069195
-0.035836
0.082209
-0.043828
0.041906
0.052502
0.001511
0.035413
0.068670
0.033648
0.052637
-0.074649
0.147178
-0.072665
-0.179956
-0.058013
0.072994
-0.091770
0.032470
-0.047034
0.085060
-0.020175
-0.035324
0.062083
0.061520
0.030656
0.019648
-0.018728
0.004347
0.033206
0.016905
-0.095423
-0.017634
0.061559
0.030982
-0.079088
0.012651
0.061081
0.070007
-0.003812
-0.051686
-0.007082
0.009710
0.001735
0.057206
-0.001046
0.083642
-0.039468
-0.072843
0.074309
-0.111776
0.008826
0.093585
-0.067158
0.015754
0.008878
-0.036912
0.025217
0.057831
0.045016
0.103690
-0.078423
-0.065227
0.021832
0.031323
-0.010569
0.086272
0.019924
-0.026415
0.044074
0.055099
0.071501
0.044752
0.000449
0.062842
-0.082376
-0.040504
0.105372
-0.015612
-0.016935
-0.063288
-0.013987
0.022243
0.056994
0.105174
-0.036412
0.030698
0.021654
-0.056186
0.083685
0.091091
-0.010197
0.103419
-0.119233
-0.059288
0.108397
0.046169
-0.069270
0.077980
0.038930
-0.085879
-0.051510
0.093106
-0.008367
0.034943
0.085128
0.050523
0.007540
-0.016676
-0.119003
-0.056476
-0.026282
-0.029548
0.059564
0.060649
0.050899
0.028887
0.050481
0.012823
-0.012927
-0.012084
0.015356
-0.025975
0.073077
-0.041185
0.004774
0.095458
-0.009278
0.022809
0.125858
0.035132
-0.059215
-0.048839
0.039851
-0.016599
-0.023639
-0.062023
-0.060963
0.012185
0.064703
-0.089763
-0.057540
-0.009449
0.082608
0.028014
-0.029788
0.042114
-0.046081
-0.073631
-0.100902
-0.006621
-0.094623
-0.004807
-0.033626
-0.023568
-0.053842
0.050646
-0.007526
0.010009
-0.032619
-0.074311
0.008247
-0.022166
0.004890
0.002707
0.033615
0.059766
-0.045562
-0.047751
0.086156
0.043955
-0.003407
0.068124
-0.042281
0.079732
0.051583
0.016082
-0.032311
-0.026924
-0.052086
0.009336
-0.088419
-0.117676
-0.021678
-0.005409
0.076533
-0.079187
-0.073794
-0.024385
-0.033399
0.057602
-0.071379
0.004962
0.085404
0.072697
0.006714
0.033570
0.139016
-0.088857
0.090577
0.111514
-0.011908
-0.061916
0.001544
0.000185
-0.117563
0.105783
0.090034
-0.051704
-0.063280
0.014336
0.089900
-0.003614
0.139511
-0.048339
0.030864
-0.003389
-0.056582
0.053359
0.158764
0.145184
-0.027833
-0.092298
0.008032
0.068947
0.048613
-0.030769
0.052428
0.041459
0.062028
-0.089804
0.007492
0.027115
-0.043111
-0.079454
0.065677
-0.074152
-0.060676
0.083248
0.133967
0.005254
0.096538
0.034151
0.024446
0.055914
-0.055364
0.025038
-0.097568
-0.077780
-0.012811
-0.014907
-0.049316
0.041091
0.098395
-0.062825
-0.059106
-0.069376
0.077742
-0.087721
-0.020924
-0.141092
0.042686
0.089103
0.061857
0.072700
0.058118
-0.041697
0.007906
0.018198
-0.062411
0.014296
0.182983
-0.118671
0.043691
-0.099435
0.061630
-0.006198
-0.030858
0.041954
0.065272
0.004913
0.036806
0.021272
0.044408
0.017573
-0.033683
-0.006336
-0.012577
0.069931
-0.039958
-0.045696
-0.088774
-0.068790
-0.049959
-0.084382
0.034359
0.044035
-0.001321
0.088923
0.048264
