-0.088869
0.084795
-0.049152
0.037051
-0.101738
-0.067244
0.024387
0.062281
0.043997
0.123904
0.025897
-0.001968
-0.004535
0.053052
-0.052937
0.009192
0.071877
0.031392
0.030906
-0.069023
-0.047337
0.021396
0.053956
0.120501
-0.035073
0.020313
0.033723
0.067086
0.023725
0.079906
-0.001419
0.006643
0.128290
0.017544
0.081231
-0.045818
-0.058812
-0.076814
-0.004011
-0.061677
-0.137485
0.056009
-0.008891
0.025495
-0.013444
0.020682
0.018806
0.052422
-0.095890
-0.057616
0.062469
0.155208
-0.116423
-0.003552
0.027166
-0.026226
-0.031785
-0.036025
0.026660
0.046707
-0.003024
0.053877
0.010446
0.063843
-0.005274
0.085810
0.032596
0.020862
-0.001604
-0.030713
0.010325
-0.009500
0.009152
0.060625
0.011048
0.042285
0.011655
-0.010227
0.022033
0.034967
0.021245
0.070699
-0.013611
0.054466
0.008889
0.052419
-0.007186
-0.058419
-0.075181
-0.078259
-0.047349
-0.085321
0.071821
-0.011681
-0.150529
0.269933
0.012697
-0.003567
0.020228
-0.093951
0.083013
-0.052916
-0.005335
0.097206
0.094608
-0.023293
-0.071061
-0.030148
-0.090738
-0.077887
0.010936
0.051503
-0.022268
0.045184
-0.094171
0.057969
0.047073
0.064113
-0.038194
0.045435
0.022612
-0.040224
-0.020253
0.019185
0.006033
-0.022135
-0.013652
0.056104
0.086547
-0.018508
0.000318
0.098883
-0.032809
-0.010794
0.077115
0.032889
0.015819
-0.004670
-0.095918
-0.076006
-0.006706
-0.050321
0.042342
0.085474
-0.086963
-0.084124
-0.027220
0.057770
-0.058157
-0.010128
0.045200
0.080284
0.010196
0.028322
-0.061449
0.033540
-0.059126
0.052657
-0.007206
0.134546
-0.071217
-0.127002
0.102932
-0.085227
0.062705
-0.040632
-0.034830
-0.105107
-0.010142
-0.051705
0.076452
0.035256
-0.107786
0.081231
0.085277
0.045134
0.018497
0.028142
0.061378
0.033769
0.001099
0.044989
-0.052792
0.009566
-0.022252
0.003207
-0.034480
-0.082323
-0.032581
0.017041
0.097353
-0.085664
0.001987
0.018119
0.136189
0.084913
0.004042
-0.092439
0.101489
-0.053770
-0.062141
0.049301
0.061516
-0.017104
-0.085538
-0.084834
-0.096652
-0.052924
-0.021890
0.046287
-0.105100
-0.084312
0.107545
-0.048223
0.022989
-0.026266
0.042560
0.043098
0.014756
0.058634
0.003358
0.047212
0.067672
-0.115702
0.066901
-0.009502
-0.123412
-0.087213
0.017481
-0.082481
-0.007904
-0.078400
0.079288
0.011343
-0.083076
0.086724
0.099891
0.028329
0.038253
-0.083016
0.001205
0.077561
-0.053621
-0.084915
0.027924
0.017485
0.023981
-0.019493
0.010308
-0.016705
0.076210
0.023442
-0.092529
0.013720
-0.059670
-0.004897
0.076258
-0.004994
0.050917
-0.057812
-0.053720
0.095661
0.020770
0.004855
0.004952
-0.051571
0.078798
0.095328
0.058669
-0.012830
0.020495
-0.023337
0.132199
-0.058468
-0.010682
0.066534
0.055981
0.092817
0.065330
0.057051
-0.006063
0.028682
0.011640
0.131066
0.086290
0.000195
0.062761
-0.021636
-0.029944
0.077354
-0.043716
0.059993
-0.043822
-0.047159
0.002447
0.001695
0.089215
-0.001101
0.055681
0.053887
-0.039610
0.063713
0.081196
0.009578
0.082117
-0.085426
-0.055862
0.091198
0.079075
-0.109862
0.095069
0.032425
0.014220
-0.030096
0.062892
0.035409
-0.045541
0.072737
-0.093021
0.057503
-0.066531
-0.160896
-0.020089
-0.027090
-0.051276
0.082937
0.009898
0.060838
0.085928
0.026402
0.001981
-0.072127
0.008511
0.003332
-0.025872
0.001819
-0.067168
0.018373
0.065526
-0.043648
0.021176
0.106862
0.047928
-0.158124
-0.030004
0.033904
-0.024950
-0.011880
-0.043897
-0.130734
0.107585
0.059337
-0.073660
-0.020373
0.068647
0.068551
0.027463
-0.007908
0.074579
-0.028936
-0.088934
-0.044553
-0.029953
-0.091465
-0.094416
-0.045023
-0.080593
0.035894
0.025605
-0.072637
0.001896
-0.018581
-0.091502
-0.027785
0.091133
0.044880
0.011732
0.054661
0.048435
-0.037879
-0.056788
0.029062
-0.020838
-0.077171
0.060502
-0.029702
0.015983
0.009014
0.036033
-0.016510
-0.007320
-0.082700
-0.010891
-0.075879
-0.046311
-0.013282
-0.044329
0.031860
-0.047867
-0.059021
-0.034089
-0.000256
0.040999
-0.035503
0.019258
0.037231
-0.027314
-0.091297
0.016099
0.129458
-0.081493
0.061935
0.038200
-0.008614
0.067870
0.041130
0.042888
0.019918
0.061184
0.023222
-0.071610
0.016399
0.127068
0.070634
0.027310
0.130339
-0.029546
0.017845
-0.059757
-0.019568
0.032642
0.129626
0.070905
-0.008542
-0.072568
-0.016025
0.072501
0.029824
-0.024066
0.064917
0.011505
-0.037083
-0.083881
-0.047096
0.001161
-0.105068
-0.062725
0.061657
-0.027060
-0.081448
0.069660
0.097423
0.033632
0.050903
-0.024981
-0.046284
0.035619
0.054697
0.027471
-0.064628
-0.079439
0.033102
0.086128
-0.067372
0.093145
0.116501
-0.097252
0.027898
-0.076787
0.030453
-0.031871
-0.034647
-0.106978
-0.016249
0.020901
-0.028376
0.060204
0.002540
-0.022542
0.007380
0.008066
0.065525
0.016742
0.210000
-0.073451
-0.026647
-0.055389
0.146308
-0.043722
-0.059444
0.112891
0.090257
-0.009823
0.105936
0.039469
0.096983
0.040620
-0.009910
-0.121910
-0.080686
0.064699
-0.002524
0.014239
-0.049196
-0.057807
-0.039869
-0.069261
0.064988
0.032469
-0.047343
0.076360
0.069656
