-0.025557
0.111810
-0.093265
0.113198
-0.050129
-0.012287
0.029228
-0.009618
0.069894
0.076242
0.053553
-0.059424
-0.009923
0.008031
-0.027224
0.006283
0.078301
0.020016
0.123784
-0.083950
-0.055849
-0.017072
0.013181
0.093911
0.006007
-0.002088
0.069222
0.091967
0.010300
0.101123
0.025468
0.067667
0.090068
-0.034885
0.092697
0.025270
-0.103484
-0.081228
-0.031595
-0.044750
-0.168209
0.064004
-0.047927
-0.061749
-0.089478
-0.002306
0.035489
0.043265
-0.082418
-0.065763
-0.055616
0.043084
-0.131591
0.001067
-0.018946
-0.039490
-0.040415
-0.036037
0.054279
0.081998
-0.009948
0.020856
0.003693
0.032666
-0.045894
0.087202
-0.005756
0.039833
0.021652
0.035697
0.060818
0.017053
0.029805
-0.001588
0.050082
-0.013960
-0.042524
0.058133
0.034220
-0.034083
0.024319
0.022940
0.025702
0.056257
0.046306
0.045529
0.025382
-0.002480
-0.084790
-0.041591
-0.066077
-0.078736
0.017934
-0.010915
-0.149816
0.270740
0.015559
0.010852
-0.011684
-0.072187
0.110873
-0.067896
0.023706
0.076247
0.057480
0.004842
-0.084127
-0.039249
-0.069496
-0.044387
-0.023863
0.086143
0.013966
0.018143
-0.080153
0.013438
0.084810
0.094569
-0.089995
0.035104
-0.040071
0.030351
-0.031420
0.041122
0.029341
-0.031097
-0.052502
0.028857
0.084929
-0.077242
-0.017794
0.095259
-0.048007
0.029014
-0.017761
-0.072596
-0.001319
-0.026646
-0.076883
-0.103309
-0.011479
-0.027528
-0.019283
0.141049
-0.101241
-0.035189
-0.050307
-0.005073
-0.068961
-0.002757
0.053293
0.071169
0.044530
0.066700
-0.067159
-0.010720
-0.032291
0.068229
0.030365
0.102097
-0.110369
-0.094245
0.071039
-0.063873
0.010069
-0.022513
0.036679
-0.081436
-0.013260
-0.134393
0.068294
-0.014596
-0.085635
0.052739
0.085388
0.028281
0.025878
-0.015028
-0.015745
0.021237
0.032697
-0.000867
0.002315
-0.007923
0.038546
-0.030811
0.038474
-0.069197
-0.053465
0.009541
0.089777
-0.055404
0.034678
0.045080
0.129895
0.079559
0.026361
0.017206
0.058502
-0.057506
-0.041745
-0.050299
0.056434
-0.059975
-0.112344
-0.024359
-0.067652
-0.025033
-0.030956
0.064348
-0.083617
-0.013896
0.065603
-0.069613
0.034375
-0.092284
-0.016913
0.092592
0.013976
0.049784
0.046770
0.059660
0.001686
-0.129914
0.089691
-0.036895
-0.131622
-0.081121
0.045396
-0.071860
0.022641
-0.074770
0.093977
-0.039983
-0.083434
0.022971
0.043417
0.044870
0.046971
-0.052640
-0.005736
0.034121
-0.056802
-0.099712
-0.015647
0.040781
-0.024524
-0.017489
-0.053313
0.110747
0.106778
-0.016508
-0.074104
-0.017208
0.002903
0.024634
0.062760
-0.030708
0.085207
-0.048405
-0.053394
0.039605
-0.011032
0.074844
0.043914
-0.053315
0.058444
0.065894
0.000521
0.006367
0.030934
0.010442
0.098771
-0.064788
-0.040626
0.004935
0.042633
0.042970
0.068427
0.039181
0.027276
0.036312
0.033219
0.067243
0.087629
0.003622
0.042607
-0.090196
-0.018628
0.102137
0.006269
-0.004317
-0.028710
-0.019401
0.002268
0.138496
0.060054
-0.037901
0.042500
0.050549
-0.045016
0.070335
0.076430
-0.014037
0.144238
-0.075374
-0.036190
0.083686
0.081883
-0.089523
0.085676
0.088099
-0.056906
-0.051544
0.110887
0.012020
-0.019272
0.039803
-0.003756
-0.029502
-0.063185
-0.136771
-0.038912
-0.021233
-0.041178
0.028014
0.054659
0.023862
0.071597
0.093634
-0.002621
-0.030621
0.026068
0.032808
-0.010468
0.009999
-0.023396
0.069334
0.086467
-0.086769
-0.002921
0.125972
0.013492
-0.136309
-0.040593
0.044074
-0.015855
-0.019084
-0.026394
-0.102831
0.092671
0.059375
-0.101271
-0.072567
0.025188
0.071447
0.005667
-0.006020
0.066402
-0.026729
-0.091723
-0.069083
0.019797
-0.101235
-0.100442
-0.036294
-0.046570
-0.036483
0.045919
-0.051753
0.036300
-0.032834
-0.065353
0.003399
0.030264
0.040160
0.009415
0.050043
0.043731
-0.072629
0.015163
0.058975
0.016549
-0.052835
0.054421
-0.026320
0.072308
0.055740
0.037951
-0.034139
0.003362
-0.019011
0.023972
-0.090708
-0.082422
-0.061271
-0.023657
0.088446
-0.072608
-0.055090
-0.049532
-0.003750
0.043784
-0.082469
0.030987
0.066634
0.076384
-0.054306
0.035983
0.128699
-0.076195
0.036353
0.078559
-0.027625
-0.072902
0.049602
0.023081
-0.058168
0.079534
0.061632
-0.103835
-0.064692
0.064309
0.072358
-0.004003
0.149191
-0.033575
0.050861
-0.032985
0.002775
0.051881
0.126492
0.157858
-0.049100
-0.080635
0.006879
0.086187
0.031446
0.040154
0.068669
0.035756
0.006719
-0.077690
-0.031017
0.027303
-0.039407
-0.067095
0.050677
-0.047857
-0.075724
0.075896
0.130959
0.075706
0.063477
-0.019523
-0.036372
0.049614
0.008059
0.014244
-0.102644
-0.098253
0.013949
0.019267
-0.059931
0.072779
0.115804
-0.070683
-0.032458
-0.069371
0.034906
-0.069659
-0.030187
-0.122875
-0.034736
0.011542
0.020454
0.065965
0.048847
-0.023129
-0.013547
0.004147
0.031630
0.020167
0.163209
-0.069743
-0.000268
-0.095009
0.076887
-0.037635
-0.086924
0.084729
0.074845
-0.032424
0.085814
-0.001517
0.092102
0.002519
-0.002116
-0.050427
-0.013473
0.076748
-0.032594
-0.034183
-0.051868
-0.126485
-0.028130
-0.074678
0.043887
0.026293
-0.032605
0.072678
0.131763
