-0.069397
0.019614
-0.102270
0.085957
-0.021634
-0.061052
0.003933
-0.040471
0.074379
0.093333
0.033465
-0.083998
-0.047584
0.036625
-0.043612
0.086263
0.063913
0.070213
0.099546
-0.094856
-0.087172
-0.027388
0.035933
0.112811
-0.009524
-0.054757
0.027829
0.057360
-0.008686
0.103535
0.037900
0.061202
-0.018466
-0.063410
0.116348
0.049410
-0.147053
-0.064103
0.035226
-0.061713
0.007339
0.054760
-0.032379
-0.041405
-0.092675
0.011951
0.116250
-0.031153
-0.014367
0.005626
-0.055977
-0.055691
-0.004944
-0.013781
0.088682
-0.054152
-0.021683
0.065630
0.027307
0.072249
0.003129
0.091738
0.003150
0.039763
-0.011416
-0.006374
-0.106514
0.105826
0.010340
0.056901
0.055812
-0.052917
-0.041361
0.010984
0.072602
-0.069609
-0.071295
0.025247
0.029762
-0.063231
0.028387
-0.017110
-0.009837
0.085790
0.122263
-0.044152
-0.055957
0.059714
-0.113881
-0.023907
-0.025075
-0.055857
0.077104
-0.009552
-0.091656
0.233156
0.039302
-0.005552
-0.020578
-0.075825
0.091985
-0.117547
0.064562
0.037856
0.045141
0.013301
-0.086213
-0.116184
-0.033665
0.003471
0.045920
0.130780
0.037164
-0.019168
-0.093051
0.074108
-0.032252
-0.029496
-0.015234
0.000520
-0.082800
0.030323
0.003987
0.038150
-0.059957
-0.045416
-0.029517
-0.001902
0.038941
-0.061314
0.033402
0.030198
-0.009541
-0.095732
-0.068335
-0.099035
-0.010789
-0.039783
0.065602
-0.064327
-0.072913
-0.064742
-0.032299
0.061057
-0.083980
0.009452
0.011848
-0.086577
0.035252
-0.036068
0.000861
0.001872
-0.009927
0.081458
-0.014954
-0.035363
-0.024661
-0.001783
0.104840
0.109268
-0.111044
0.006210
0.040249
-0.044702
0.045103
-0.010234
0.064242
-0.034382
-0.000882
-0.147720
-0.005346
-0.014821
-0.074021
0.035036
0.081970
0.017573
-0.059657
-0.042462
-0.075773
0.013231
0.062930
-0.012758
-0.018553
0.009315
-0.018962
-0.007648
0.105439
-0.137733
-0.113024
-0.025797
0.063587
0.015517
-0.008232
0.048869
0.105083
0.021154
0.070064
0.023409
-0.038581
-0.033001
0.027694
0.004882
0.079325
0.036925
-0.053402
0.084497
-0.034188
-0.108931
-0.055163
-0.003136
-0.026700
0.062249
0.042079
-0.047776
0.081213
-0.061561
0.017538
0.096151
-0.040314
0.051063
0.017858
0.018339
0.013733
-0.040794
0.104717
-0.019069
-0.074492
-0.037107
0.006183
-0.119173
-0.031820
-0.021166
0.074993
-0.036912
-0.123025
0.105009
0.012636
0.105516
0.039601
-0.035855
-0.018536
-0.046048
-0.052221
0.033670
-0.062844
0.049015
-0.078766
0.017725
-0.084204
0.071251
0.093759
-0.018789
-0.106957
-0.060586
-0.038947
0.012423
0.085212
-0.054577
0.094935
-0.030508
-0.020414
0.026743
-0.057930
0.086507
0.068254
-0.028458
0.047407
0.067839
-0.026426
-0.051683
0.109305
-0.033863
0.106370
-0.042929
-0.015583
-0.033963
0.035740
0.074583
0.092297
0.007836
0.006304
0.013193
0.054526
0.024471
0.127985
-0.030503
0.114298
-0.099116
-0.044369
0.106488
-0.035975
-0.020777
-0.054933
-0.072116
0.066427
0.112328
0.055081
-0.001617
0.003700
0.030515
-0.025296
0.046680
0.059773
-0.066906
0.108568
-0.014817
-0.026241
0.084836
-0.006994
-0.093706
0.077562
0.102585
-0.051585
0.033334
0.059231
-0.011707
0.062866
0.047495
-0.074150
-0.034196
-0.021605
-0.105376
0.011337
0.038641
-0.049992
0.044833
0.028052
-0.072644
0.076887
0.118681
-0.051922
0.006311
-0.000208
-0.041458
-0.034800
0.047205
-0.014337
0.061589
0.101307
-0.111895
0.014599
0.058321
-0.002463
-0.098299
0.028866
0.106414
-0.012018
-0.052225
-0.045485
-0.068414
0.027488
0.061862
-0.042161
-0.024878
-0.027994
0.049101
0.004466
0.045379
0.049480
-0.028702
-0.110329
-0.017537
0.031031
-0.089333
-0.105196
0.034455
-0.049915
0.033727
0.086462
-0.062527
0.071056
-0.057775
-0.092111
0.043854
-0.062960
0.042164
-0.053500
0.049354
0.017317
0.022488
0.067574
0.083911
0.054227
-0.010433
0.040285
0.057907
0.036619
0.038411
0.032994
-0.002463
0.000274
-0.060899
0.020628
-0.052207
-0.064285
-0.058467
0.032807
0.040235
-0.044055
0.037124
-0.064655
0.003682
0.029572
-0.036323
0.023010
0.011298
0.012365
-0.121300
-0.002851
0.120766
-0.057629
0.067890
0.079043
-0.070773
-0.104100
0.045612
-0.001842
-0.059624
0.005081
0.092695
-0.070779
0.039993
0.012027
0.089865
0.003158
0.094974
-0.074944
0.031140
-0.089454
-0.018318
-0.097574
0.091956
0.169701
0.005766
-0.052889
0.041560
0.037045
0.022641
0.066592
0.123187
0.024794
-0.003709
-0.084249
-0.013887
-0.045248
0.008544
-0.063591
0.057563
0.007811
-0.064959
0.055461
0.016677
0.034577
0.068805
-0.098942
0.003974
0.042048
-0.043625
0.043360
-0.090070
-0.096699
0.054235
-0.029775
-0.041659
0.093811
0.058499
-0.072251
-0.063108
-0.041947
0.065723
-0.000878
-0.034368
-0.109254
0.003367
-0.010391
0.093799
0.054063
0.018010
-0.057608
-0.027855
0.025941
-0.003580
0.082091
0.134728
-0.046995
-0.061972
-0.073562
0.034557
-0.112341
-0.144915
0.071282
0.044917
-0.051002
0.178773
0.010476
0.108578
0.018577
0.009957
-0.018358
0.033077
0.050930
-0.114923
-0.000546
-0.040912
-0.107875
0.008470
-0.051498
0.020899
0.035059
0.039728
0.063957
0.083753
