-0.056835
0.073985
-0.074011
0.076313
-0.016853
-0.060895
0.025180
-0.034727
0.087479
0.089836
0.061445
-0.128274
-0.063991
0.038740
-0.061755
0.081840
0.051046
0.044578
0.086962
-0.100663
-0.040921
-0.037537
0.013012
0.089628
0.006413
-0.103723
0.036088
0.069307
-0.005204
0.081570
0.001306
0.059283
-0.013950
-0.045177
0.097028
0.062930
-0.141783
-0.032909
0.024487
-0.102636
-0.034000
0.053936
-0.037105
-0.028953
-0.073685
-0.006770
0.120904
0.018293
-0.025600
-0.002734
-0.050573
-0.035887
-0.010388
0.002777
0.045507
-0.058822
0.000037
0.037422
0.025357
0.055120
0.012857
0.065959
-0.000594
0.035541
0.014991
0.002154
-0.106651
0.123603
0.031155
0.068128
0.054323
-0.040843
-0.034576
0.014660
0.080777
-0.073035
-0.044008
0.027785
0.058672
-0.071569
0.004411
-0.017751
-0.001599
0.087884
0.103832
-0.040280
-0.048075
0.039147
-0.123263
0.010331
-0.083570
-0.034520
0.026539
-0.016646
-0.058860
0.236177
0.076047
0.012353
0.008002
-0.099576
0.082374
-0.080010
0.065858
0.014300
0.047043
0.051629
-0.081955
-0.090220
-0.029824
0.007233
0.036345
0.159539
0.046697
-0.018988
-0.074976
0.059743
-0.009961
-0.007233
0.003157
0.019674
-0.108261
0.045371
-0.028149
0.037357
-0.009571
-0.000227
-0.043966
0.001710
0.085956
-0.054302
0.026829
0.024303
0.006712
-0.075845
-0.087146
-0.099070
-0.001681
-0.048275
0.061358
-0.111146
-0.059016
-0.083867
-0.039284
0.056275
-0.055327
0.037102
0.007236
-0.098995
-0.019509
-0.047793
-0.014602
0.009706
-0.014821
0.086706
0.000082
-0.030322
-0.007169
-0.027556
0.119718
0.067523
-0.096661
0.027805
0.015017
-0.061126
0.003430
-0.033099
0.077047
-0.063613
-0.002403
-0.178270
0.013850
-0.036041
-0.054722
0.020400
0.053372
0.013579
-0.046847
-0.018694
-0.079012
-0.012498
0.074450
-0.025308
0.023739
0.004729
0.008444
0.013750
0.107354
-0.153479
-0.117777
-0.022434
0.052571
-0.006054
-0.019595
0.015388
0.107769
0.001269
0.077931
0.040450
-0.000810
-0.080473
0.010707
-0.002587
0.097572
-0.000400
-0.062009
0.068545
0.022124
-0.086737
-0.024959
-0.003322
-0.004945
0.051650
0.010420
-0.076195
0.089251
-0.082112
0.034737
0.084260
-0.029390
0.053561
0.031272
0.022261
0.026153
-0.030485
0.126091
-0.015748
-0.099165
-0.044910
-0.004967
-0.091916
-0.047041
-0.027644
0.054915
-0.049353
-0.130410
0.085886
0.027334
0.081466
0.033701
-0.010853
-0.011204
-0.035768
-0.051697
0.014277
-0.091543
0.056428
-0.082032
0.024430
-0.060136
0.075962
0.099611
-0.036592
-0.124334
-0.088723
-0.024037
-0.011229
0.136167
-0.087461
0.121029
-0.019171
-0.012293
0.050305
-0.036275
0.109681
0.027740
-0.035184
0.000666
0.033193
0.025722
0.007770
0.094476
-0.001764
0.031603
-0.050601
-0.047537
0.020984
0.023352
0.065575
0.083963
0.071606
-0.022015
0.027438
0.054371
0.034062
0.136270
0.009709
0.116665
-0.112565
-0.049592
0.109601
0.014087
-0.049371
-0.025564
-0.015478
0.002865
0.092119
0.064494
0.037049
-0.018209
0.037810
-0.052392
0.056121
0.004071
-0.014081
0.084549
-0.057361
-0.028222
0.049900
-0.031238
-0.093107
0.060602
0.119720
-0.013978
0.007431
0.031162
-0.044323
0.030074
0.038833
-0.047567
0.044629
-0.049876
-0.157441
-0.020261
0.086827
-0.047660
-0.016510
0.016897
-0.075259
0.094791
0.141869
-0.028692
-0.025269
0.039087
0.008636
-0.038798
0.069638
0.009677
0.034588
0.093895
-0.082978
0.042066
0.069842
0.011267
-0.058312
0.089358
0.039499
-0.034067
-0.041132
-0.044163
-0.087658
0.038466
0.075263
-0.063064
-0.077500
-0.024427
0.059409
-0.012965
0.011432
0.039471
-0.034851
-0.124794
-0.010668
0.012474
-0.081796
-0.121724
0.037808
-0.047521
0.029082
0.147098
0.023644
0.031259
-0.015916
-0.099546
0.053968
-0.039843
-0.015181
-0.023836
0.055229
0.010194
0.004886
0.066308
0.055830
0.010452
-0.032341
0.049451
0.072284
0.082196
-0.009977
0.056932
-0.017428
-0.035853
0.005077
0.063765
-0.051472
-0.093523
-0.050745
0.039322
-0.002303
-0.058293
-0.041471
-0.086455
0.039219
0.019766
-0.045036
0.027539
0.022480
0.009516
-0.027560
0.027838
0.153649
-0.061720
0.055414
0.058841
-0.073019
-0.103030
0.060231
-0.001709
-0.047525
0.022728
0.052266
-0.061114
0.007502
0.031526
0.110521
-0.003923
0.119950
-0.055451
0.062170
-0.079614
-0.014833
-0.050299
0.111119
0.135710
0.052779
-0.059640
0.029674
-0.009954
0.032111
0.056320
0.099908
0.017295
0.019210
-0.070994
-0.036271
-0.012800
-0.016607
-0.070847
0.062900
0.008744
-0.081278
0.060423
0.024074
0.064241
0.089078
-0.111510
-0.058103
0.046708
0.027309
0.044109
-0.093376
-0.087375
0.039045
-0.019818
-0.065080
0.074772
0.030893
-0.082305
-0.110904
-0.042321
0.026716
0.022323
-0.030763
-0.045578
-0.031890
0.040801
-0.012831
0.057428
0.058432
-0.018202
-0.045021
0.037082
-0.025952
0.058421
0.130736
-0.040897
-0.088204
-0.126664
0.043700
-0.092380
-0.120438
0.016156
0.053122
-0.045491
0.103252
0.006755
0.094422
0.029932
0.084124
-0.054730
0.084584
0.066607
-0.098115
-0.046548
-0.059657
-0.132467
-0.017949
-0.060902
-0.041009
0.036997
0.029580
0.073809
0.084911
