-0.133477
0.064796
-0.080187
0.097292
-0.019883
-0.060085
0.047664
-0.018874
0.080627
0.147712
0.023660
-0.027738
-0.028499
0.018873
-0.089910
0.093963
0.017422
0.009203
0.066637
-0.100285
-0.056728
0.017849
0.033983
0.114985
-0.029171
-0.084885
0.006839
0.060648
0.019658
0.120156
0.092140
0.065737
0.081838
-0.025658
0.083007
0.025228
-0.138995
-0.096411
-0.009867
-0.077671
-0.069326
0.025996
-0.001049
-0.014250
-0.121924
-0.006065
0.058203
0.044353
-0.040481
-0.036624
-0.005504
0.024053
-0.039699
-0.003716
0.088571
-0.046662
-0.078562
-0.009601
0.012577
0.073627
0.004719
0.094334
0.074241
0.043652
-0.013684
0.021898
-0.071590
0.080598
-0.005778
0.006010
-0.027553
-0.113556
-0.009395
0.015771
-0.000518
0.030615
-0.004851
-0.016430
0.079907
0.016214
0.066362
0.080426
-0.059829
0.120321
0.099160
-0.040660
-0.021287
0.009988
-0.114325
-0.064580
-0.044828
-0.065638
0.091087
-0.047798
-0.128430
0.249835
0.043564
0.048838
0.024238
-0.115593
0.098670
-0.142178
-0.005963
0.102445
0.028855
0.000064
-0.053413
-0.065466
-0.001368
-0.070599
0.005900
0.032078
0.018702
0.036088
-0.094194
0.078054
-0.002992
0.018968
-0.014609
-0.015361
-0.030387
0.067255
0.014099
0.016765
-0.018925
-0.038781
-0.024821
-0.042021
0.065450
-0.060165
0.088899
0.076390
-0.039175
-0.043470
-0.067214
-0.077666
-0.008788
-0.000671
-0.005706
-0.053581
-0.058549
-0.068809
0.019212
0.107392
-0.101342
-0.019371
0.010683
0.010162
-0.022205
-0.060205
-0.013969
0.069249
-0.017006
0.009230
-0.057330
0.058719
-0.011661
0.054819
0.029948
0.115729
-0.038460
-0.093202
0.054166
-0.030653
0.050348
-0.004061
0.049520
-0.093246
-0.024353
-0.046438
0.004361
0.016713
-0.077993
0.070445
0.085646
0.021804
-0.068671
0.015804
0.033086
0.040957
0.011454
0.004583
0.035666
0.024378
-0.019881
-0.012317
0.017911
-0.042086
-0.061918
-0.066448
0.025015
0.025808
-0.020010
0.036782
0.146413
0.011602
-0.004001
-0.006493
0.085889
0.000887
-0.036302
0.089335
0.084566
0.035524
-0.048199
-0.033439
-0.107221
-0.082561
-0.064452
0.018815
-0.111982
-0.003004
0.146831
-0.050531
0.006128
-0.041553
0.016954
0.082996
-0.030623
0.027012
0.004430
0.047929
0.070827
-0.071616
0.064929
0.026137
-0.074727
-0.094974
-0.034394
-0.129224
-0.042757
-0.038121
0.073914
0.006460
-0.127115
0.078082
0.058214
0.062523
0.057567
-0.065774
0.007794
-0.010698
-0.063627
-0.006702
0.017315
0.039725
-0.079666
0.010162
-0.057115
0.027591
0.088116
-0.016101
-0.088269
-0.031390
-0.033877
0.028671
0.093172
-0.078797
0.134586
-0.035970
-0.012154
0.004528
-0.032461
0.092211
0.063361
-0.031849
0.067218
0.092857
-0.008966
-0.030796
0.104787
-0.054441
0.092679
-0.047573
-0.026246
-0.008921
0.031949
0.062431
0.076468
0.024684
0.017208
0.021000
0.054434
0.039826
0.130378
-0.025606
0.116200
-0.110121
-0.032289
0.108994
-0.021878
-0.024798
-0.042111
-0.066429
0.031446
0.136898
0.050162
-0.016754
0.019538
0.011806
-0.002614
0.055126
0.058712
-0.029921
0.130476
-0.007648
-0.027493
0.076609
0.033035
-0.106708
0.057389
0.074982
-0.049142
-0.003600
0.065446
-0.002300
0.044601
0.068382
-0.074086
-0.037605
-0.027209
-0.090078
0.009041
0.030525
-0.042648
0.017299
0.004358
-0.015563
0.102267
0.131075
-0.026255
0.004136
0.016106
0.001506
-0.014758
0.009937
-0.021837
0.085755
0.086949
-0.151187
-0.002973
0.082261
0.038091
-0.136759
0.038570
0.050245
-0.007108
-0.044943
-0.031034
-0.079837
0.057055
0.075547
-0.080665
-0.042774
-0.005622
0.056298
-0.005398
0.049067
0.052123
-0.024440
-0.102595
-0.023732
0.046088
-0.068486
-0.107362
0.040965
-0.018171
0.015450
0.075378
-0.057062
0.056297
-0.037053
-0.078048
0.021241
-0.017062
0.022398
-0.020470
0.055603
0.007709
0.020530
0.046934
0.032563
0.020163
-0.058339
0.045042
0.058810
0.057193
0.041508
0.047470
-0.017723
-0.016094
-0.070113
0.021228
-0.068226
-0.074657
-0.050296
0.038565
0.050394
-0.055875
-0.021201
-0.044278
0.036000
0.041428
-0.033485
0.034203
0.027141
0.033067
-0.097681
-0.013248
0.107917
-0.060331
0.014283
0.101732
-0.059138
-0.099051
0.063228
0.024723
-0.083605
0.019741
0.068642
-0.089201
-0.006447
0.060740
0.080255
-0.005665
0.129096
-0.056763
0.032927
-0.087217
-0.010522
-0.072104
0.085996
0.169967
-0.003959
-0.062829
0.050908
0.059976
0.020820
0.039766
0.101201
0.022597
0.005465
-0.074618
-0.037054
-0.024033
-0.000937
-0.064273
0.056185
0.001879
-0.075230
0.063610
0.008352
0.083807
0.076769
-0.115155
-0.019449
0.038520
-0.015284
0.039494
-0.082173
-0.104086
0.023714
-0.018051
-0.079092
0.091202
0.086986
-0.070792
-0.067171
-0.039878
0.018486
-0.000697
-0.010552
-0.102855
-0.035335
-0.015472
0.043572
0.060329
0.032754
-0.068157
-0.005961
0.013599
0.005708
0.069975
0.147868
-0.035736
-0.065373
-0.069481
0.074787
-0.124919
-0.123750
0.093671
0.059694
-0.042029
0.142774
0.009059
0.115063
-0.002790
0.038279
-0.041571
-0.002132
0.070685
-0.076227
-0.010198
-0.032026
-0.102992
-0.009739
-0.058857
0.013093
0.029886
0.006326
0.063864
0.120691
