0.017051
0.058446
-0.050418
0.040914
0.013257
-0.055718
-0.070183
-0.079725
0.094969
0.103430
0.013809
-0.138691
-0.040503
0.022245
-0.103584
0.017902
0.019250
0.042294
0.038272
-0.095009
-0.046183
-0.084056
0.015627
0.120883
0.033468
-0.066702
0.034613
0.017111
-0.046669
0.061299
-0.022937
-0.071933
0.019551
-0.014610
0.091106
0.071160
-0.090820
-0.026613
0.032547
-0.120990
-0.001978
0.072807
-0.062020
-0.034566
-0.016257
-0.051945
0.093155
0.012515
-0.099407
-0.057754
0.009875
-0.038439
-0.049693
0.051217
0.010063
-0.087416
0.026672
0.098105
0.047313
0.087603
-0.003617
0.082997
0.031790
-0.035889
-0.021179
-0.006283
-0.109763
0.129044
0.027234
0.110145
-0.006569
-0.047260
-0.034244
0.060513
-0.057139
-0.035954
0.024015
0.052341
0.056622
-0.036493
-0.057285
0.037978
0.076298
0.024879
0.083341
0.035037
-0.079036
-0.022780
-0.037680
0.066274
-0.089369
-0.046832
-0.001235
-0.025229
-0.017858
0.183526
0.072536
-0.028540
-0.026523
-0.081020
0.060914
-0.037368
0.052623
0.107822
0.067614
0.038991
-0.046655
-0.052279
-0.121018
0.022943
0.090795
0.173635
-0.015115
-0.066068
0.010681
0.060368
-0.005685
0.002947
-0.073160
0.030843
-0.114518
-0.007382
0.016727
0.066237
0.028632
0.033910
-0.036487
-0.003912
0.073509
0.013626
-0.050501
0.014019
-0.020891
-0.072558
0.026700
-0.030404
-0.009797
-0.111553
-0.038837
-0.112560
0.001492
-0.027561
-0.013066
-0.008485
0.025092
0.055072
-0.031855
-0.082688
0.011999
-0.069020
-0.023755
0.033317
-0.089865
0.083276
0.040187
0.019606
-0.038143
-0.004926
0.149782
0.103449
-0.155981
-0.009971
-0.002014
-0.094056
-0.044710
0.009323
0.022218
-0.060182
0.037506
-0.071007
0.010549
-0.013079
-0.059339
0.068543
0.053931
0.024204
-0.015159
-0.050660
-0.056933
-0.003722
0.121708
0.019332
-0.015079
-0.088048
0.016181
-0.038196
0.115880
-0.130360
-0.110710
-0.103229
0.006915
-0.038085
-0.023192
0.046448
0.093515
-0.003032
0.100446
0.029370
-0.035264
-0.041329
0.012302
0.000951
0.103572
-0.025522
0.009514
0.072683
-0.042610
-0.073464
-0.035097
-0.009978
0.063506
-0.038600
-0.020122
0.009138
0.079880
-0.004111
0.067700
0.068139
-0.039993
0.157995
0.113541
0.097273
-0.038408
-0.073477
0.021123
-0.017456
-0.081330
-0.031971
-0.010607
-0.079337
-0.002145
0.010807
0.066048
-0.050576
-0.113425
0.088151
-0.045048
0.050022
0.043618
0.041977
-0.023083
-0.012940
-0.065943
0.058047
-0.071271
0.039190
0.025788
0.021554
-0.017237
0.023874
0.107856
-0.064184
-0.100311
-0.015748
-0.007480
0.038880
0.073583
0.023114
0.012104
0.028088
-0.071002
0.042414
0.067160
0.022640
-0.030941
-0.052325
-0.067208
0.092018
0.025856
-0.095908
0.099985
-0.058048
0.126553
-0.065640
0.042185
0.085429
0.076720
-0.009458
0.062838
0.038461
-0.045745
0.051926
0.003777
-0.013582
0.014352
-0.049508
0.114095
0.009202
-0.057343
0.103845
-0.077437
-0.027554
0.077003
-0.004347
0.001676
0.009242
0.020946
0.075195
0.002601
0.050857
0.002882
0.064849
0.075737
-0.012856
0.070481
-0.002664
-0.048116
-0.016360
-0.020734
-0.118158
0.026167
0.045714
0.035314
0.099991
0.001890
-0.003666
0.041965
0.081059
-0.054966
0.069732
-0.079058
-0.091447
0.100359
-0.027693
-0.049801
0.052019
0.015442
-0.040386
0.219612
0.130974
-0.070662
0.036780
0.066566
-0.062643
-0.035677
-0.030451
-0.012367
0.019471
0.063381
-0.149946
0.059170
0.012276
-0.009160
-0.149945
0.035187
0.071914
0.004081
-0.011224
-0.082889
-0.048065
0.050284
0.020611
-0.022090
0.040976
-0.088655
0.069550
0.054145
0.087213
0.040155
-0.056530
-0.147260
-0.027721
-0.014802
-0.096277
-0.062489
0.047850
-0.034715
0.033574
0.043643
0.011508
0.009807
-0.041759
-0.011216
-0.024880
0.000123
0.013055
-0.024693
0.009881
0.046889
-0.024253
-0.003591
0.027564
0.015361
-0.091644
0.064659
0.034077
-0.029153
0.005245
0.012851
-0.023779
-0.041212
0.004127
0.022243
0.019219
-0.033145
-0.044655
0.062666
-0.046554
-0.044372
0.011699
-0.087783
-0.018625
0.008956
0.044909
-0.006464
0.030519
-0.027737
-0.085896
0.014185
0.133164
-0.072223
0.108446
0.065882
-0.076591
-0.061263
0.006262
-0.050009
-0.028999
-0.044720
-0.001380
-0.044428
-0.050519
0.017572
0.109545
-0.046991
0.061971
-0.077693
0.023582
-0.057467
0.035863
-0.174934
0.040182
0.086979
0.059886
-0.068281
0.035768
-0.018723
0.054074
0.011455
0.051809
-0.024957
-0.089597
-0.029972
-0.078886
-0.020359
0.012893
-0.083911
0.088514
0.050015
-0.082406
0.069075
0.034878
0.077025
0.025329
-0.168359
-0.036058
0.056691
0.142270
0.061640
-0.056995
-0.062629
0.038254
0.025321
0.006506
0.006186
0.042430
-0.076092
-0.046845
-0.042394
0.072911
0.012742
-0.055226
-0.088717
-0.017370
0.014209
-0.113301
0.064526
-0.034577
-0.063666
-0.012010
-0.029673
-0.044020
0.091494
0.091385
-0.057476
-0.148171
-0.050238
0.088486
-0.052488
-0.030967
0.087814
0.043172
0.052075
0.097160
0.046162
0.094518
-0.032241
-0.040111
-0.151809
-0.007515
0.010247
-0.020656
0.077748
-0.044961
-0.053276
-0.051172
-0.068810
0.038064
0.018888
-0.005901
0.086385
0.085381
