-0.025961
0.004967
-0.025848
0.007148
-0.068170
0.026319
0.005207
0.021165
0.010689
0.093463
0.032686
-0.062218
-0.100085
0.012825
-0.065069
0.025434
0.000865
0.039196
0.032834
-0.056253
-0.044406
-0.041179
0.019085
0.103110
0.056393
-0.147837
-0.022480
-0.026408
-0.078066
0.010135
-0.035823
-0.091354
-0.011028
0.028365
0.033800
0.065068
-0.125629
-0.083151
0.051075
-0.106739
0.029831
-0.011177
0.005212
0.013542
-0.077369
-0.070111
0.109334
0.026704
-0.025444
-0.056819
-0.027360
-0.059078
0.025087
-0.024358
0.046388
-0.055560
-0.005181
-0.005367
0.058030
0.089077
-0.067358
0.079036
-0.015607
0.003638
0.040274
-0.026079
0.003623
0.006768
0.071860
0.035030
0.017736
-0.144798
-0.059334
0.012783
-0.055498
0.069645
-0.031170
-0.048090
0.052037
-0.060201
0.023752
0.050989
-0.016075
0.022674
0.104150
-0.107952
0.031514
0.031481
-0.110132
-0.059634
-0.040922
-0.033688
0.048774
-0.009471
-0.042764
0.244457
0.058674
0.005958
0.009262
-0.100754
0.022088
-0.082633
-0.036044
0.025640
-0.010628
0.035169
-0.066253
-0.057015
-0.081263
-0.070073
0.041019
0.150492
0.035640
-0.004284
-0.078259
0.070275
-0.026596
-0.015468
-0.007828
-0.023162
-0.119806
-0.003248
-0.048045
0.070231
-0.050410
-0.031886
0.004424
-0.046504
0.034397
0.032195
0.017135
0.083020
0.049836
-0.043223
0.014190
-0.082553
-0.015888
-0.057693
0.122841
-0.077508
-0.038861
-0.103423
0.012277
-0.011949
0.022006
0.048792
-0.018122
-0.071674
-0.002537
-0.043450
-0.039721
0.091227
-0.102710
0.089928
-0.008083
-0.005934
-0.035637
0.040548
0.043077
0.082876
-0.041634
-0.022753
0.018985
-0.095709
-0.001423
-0.093897
0.034129
-0.039388
0.046297
-0.045495
0.056599
0.042564
0.014757
-0.026386
0.024431
0.037546
-0.071008
0.003547
-0.023029
-0.053535
0.074288
-0.086983
-0.033553
0.015229
-0.040510
0.070591
0.034361
-0.129529
-0.126845
-0.107482
0.102390
0.059966
-0.056028
0.029394
0.080987
0.019918
0.057380
0.020972
-0.018602
0.013283
0.026037
0.064360
0.060510
0.034075
-0.000778
0.029694
-0.006168
-0.122640
-0.067785
0.024976
-0.008800
0.070158
0.060150
-0.057870
0.121195
-0.013204
0.072749
0.093536
-0.058899
0.115974
0.055165
0.015942
0.028474
0.013773
0.127929
0.079189
-0.070259
-0.033970
0.008506
-0.198680
-0.065516
-0.042020
0.128999
-0.033668
-0.094424
0.146332
0.007213
0.031388
0.058226
-0.026484
-0.052622
-0.074552
-0.060699
-0.009852
0.019910
0.020838
-0.023927
0.066094
-0.054453
0.065675
0.009204
-0.012154
-0.108572
-0.127444
-0.055360
-0.007902
0.042117
-0.038587
0.027053
-0.045544
-0.028091
0.053232
-0.042492
0.078613
-0.041035
-0.021580
0.022010
0.005517
-0.003507
0.010068
0.076716
-0.107005
0.005948
-0.046102
-0.023436
0.080910
0.063011
0.093744
0.096000
-0.037351
-0.064715
0.012646
0.069455
0.047714
0.030461
0.011926
0.131664
0.043086
-0.026318
0.105169
0.094408
0.011582
-0.066521
0.001969
0.044974
0.038226
0.083752
0.132760
0.006844
0.003189
-0.024317
0.050190
0.068762
-0.061808
0.136848
-0.117512
-0.033005
0.075188
-0.076715
-0.053112
0.049627
0.000192
0.029811
0.004387
0.044766
0.007533
0.031031
0.074618
-0.046726
0.065541
-0.097246
-0.148203
-0.047973
-0.011730
-0.035055
0.043787
0.043250
0.053786
0.037949
0.010417
0.004274
0.095142
0.106622
-0.030917
-0.010642
0.072973
-0.010295
0.103621
0.074204
-0.060275
0.115519
0.089199
0.052193
-0.057604
-0.062523
0.067203
-0.084255
-0.067101
-0.039073
-0.069478
-0.015942
-0.004368
-0.079984
0.043205
0.022414
0.052749
-0.045116
-0.030558
0.042540
-0.032387
-0.161808
-0.071411
-0.040837
-0.046844
-0.097216
0.032252
-0.043633
0.042784
0.068060
0.008497
0.029472
-0.022802
-0.092439
-0.116105
-0.017715
-0.035188
0.016627
0.048839
0.086524
0.007317
-0.043229
0.050533
-0.110139
0.037918
0.054169
0.028978
0.009566
0.073973
0.022146
-0.021320
-0.047194
-0.040187
0.011077
-0.012556
-0.045871
0.016619
-0.003381
-0.033564
-0.063848
-0.057220
0.028207
0.052906
0.039621
-0.104527
0.026868
0.004348
0.026184
-0.068042
0.034652
0.092875
-0.066153
0.058935
-0.011990
-0.026953
0.000060
0.077688
0.039208
0.101339
-0.066535
0.050328
-0.051730
0.014826
0.100809
0.090427
-0.008485
0.132910
-0.058430
0.068300
-0.092329
-0.011438
-0.076445
0.071680
0.050034
0.024486
-0.052993
0.030403
0.023999
0.026957
-0.020418
0.121789
0.037704
-0.047514
-0.040793
-0.065765
-0.065469
-0.027029
-0.054005
0.057188
-0.078656
-0.080043
0.053018
0.105052
-0.022370
0.006535
-0.069414
-0.114947
0.053040
0.105892
0.044601
-0.065924
-0.085052
0.066355
-0.069916
-0.106299
0.060217
0.091437
-0.059157
0.009324
-0.055958
0.029507
0.025963
-0.017240
-0.053768
-0.099737
-0.099656
-0.039506
0.043846
0.032459
-0.083535
-0.046148
0.018334
-0.036031
0.137966
0.157222
0.002652
-0.058726
-0.045461
0.030202
-0.101009
-0.094381
-0.027154
0.054853
-0.031276
0.076581
-0.009014
0.075423
0.021601
0.050148
-0.141960
0.050771
0.112259
0.025285
0.035559
-0.005379
-0.073892
0.013172
-0.061487
-0.014059
0.016291
-0.062717
0.066379
0.002067
