-0.107105
0.038173
-0.019507
-0.012459
-0.076233
0.000339
0.035680
0.025664
0.033261
0.142729
-0.005241
-0.016491
-0.014106
0.053436
-0.069876
-0.008134
0.011684
-0.043393
-0.030464
-0.028447
-0.028492
0.005809
-0.003488
0.066002
0.001279
-0.153611
-0.040425
0.041242
-0.010536
0.026454
0.044428
-0.008420
0.092602
-0.008482
-0.028411
-0.038387
-0.022177
-0.102727
-0.009014
-0.085400
-0.062870
0.009581
0.056187
0.018796
-0.068061
-0.036310
0.014591
0.109925
-0.095560
-0.023028
0.046116
0.016277
-0.006375
-0.048830
0.020869
-0.075217
-0.039981
-0.075826
0.017502
-0.005885
-0.034347
0.117032
0.061674
-0.006250
0.023672
-0.002978
0.053056
-0.057360
0.019971
-0.056330
-0.074442
-0.083421
-0.045926
0.006377
-0.103177
0.113339
-0.024431
-0.035207
0.039094
0.064513
0.027938
0.097157
-0.029125
0.039488
0.118377
-0.088845
0.070148
-0.009728
-0.101564
-0.037124
-0.063334
-0.072801
0.021376
-0.049513
-0.079551
0.183832
0.061540
0.043196
0.073857
-0.189568
-0.043646
-0.054884
-0.036592
0.099536
-0.053858
0.027360
-0.096467
0.003240
-0.056031
-0.123837
0.043439
0.046230
0.026142
0.034690
-0.079295
0.089342
0.061123
0.001588
0.039512
-0.032466
-0.016443
-0.011079
-0.008193
-0.011768
0.006711
-0.025220
-0.031449
-0.087745
0.026275
0.016310
-0.024147
0.087001
-0.026188
-0.023034
0.052662
-0.002522
0.038874
-0.016781
0.030154
-0.089611
0.024743
-0.115706
0.083242
0.064061
-0.038240
0.001942
0.041079
0.046923
-0.064718
-0.069827
-0.059208
0.087017
0.002167
0.009943
-0.075267
0.116030
-0.039694
0.090935
-0.046231
0.098094
0.028600
-0.116317
0.042178
-0.037740
0.042954
-0.118408
0.036864
-0.111912
0.042816
-0.016550
0.013461
0.098491
-0.056070
0.041842
0.034669
0.055165
-0.058426
0.026195
0.049608
-0.025110
0.014992
-0.069366
0.012152
-0.003234
0.025045
0.087666
-0.063017
-0.037558
-0.051913
-0.102582
0.052629
0.046257
-0.015982
0.005279
0.154687
0.036280
0.001479
-0.041030
0.079006
0.005432
-0.105067
0.093703
0.058300
0.004744
-0.024867
-0.084110
-0.080754
-0.056204
-0.075233
0.064101
-0.083377
-0.038268
0.129629
-0.049334
0.064145
0.016846
0.068980
0.036617
0.028565
0.080379
-0.033500
0.073237
0.042971
-0.047202
0.066320
0.043378
-0.118077
-0.050176
-0.040000
-0.154637
-0.066310
0.023819
0.100745
0.022347
-0.048905
0.135334
0.056190
-0.020692
0.024006
-0.054310
0.011613
-0.028190
-0.120410
-0.060902
0.025059
0.021835
0.037885
0.067689
-0.051300
0.026557
0.066288
-0.053486
-0.091786
-0.094831
-0.061585
-0.005708
0.101914
-0.039557
0.061183
-0.079339
-0.000861
0.069667
0.059803
0.028008
-0.067493
-0.029705
0.029904
0.028013
0.011830
-0.028025
-0.001517
-0.089352
0.088230
-0.039674
-0.044686
0.051049
0.044938
0.118036
0.084562
0.020022
-0.047772
0.011754
0.036527
0.098399
0.021501
0.036829
0.074780
0.004301
-0.025996
0.099466
0.045053
0.017899
-0.022440
0.045702
0.017329
0.034689
0.054959
0.112649
-0.025035
0.037279
-0.018829
0.042653
0.092207
-0.038444
0.115048
-0.096600
-0.023061
0.036442
-0.071500
-0.102087
0.100171
0.034747
0.038049
-0.037121
0.068007
0.032081
-0.036677
0.073243
-0.061328
0.080787
-0.082892
-0.148878
-0.021131
-0.025113
-0.038183
-0.003140
0.062027
0.026504
0.094197
0.024705
0.012309
-0.016939
0.088105
0.021278
-0.024559
0.064773
-0.019751
0.082691
0.074710
-0.053593
0.094934
0.123273
-0.023854
-0.060028
-0.025314
0.046324
-0.108446
-0.055492
-0.056003
-0.130125
0.063890
0.072725
-0.053958
-0.004356
0.026159
0.051770
-0.016034
-0.011662
0.049357
-0.015482
-0.121504
-0.006931
-0.057385
-0.082052
-0.160397
-0.049906
-0.063365
0.007970
0.080366
-0.058524
0.053630
-0.003067
-0.107601
-0.095012
0.042737
-0.019188
0.023504
0.053591
0.102964
-0.018772
-0.001903
0.016732
-0.107204
-0.059633
0.042524
0.001975
-0.038624
-0.012086
0.046434
0.006372
-0.046785
-0.034886
0.042932
-0.009716
-0.091963
-0.047699
-0.044781
0.023867
-0.053711
-0.044392
-0.012458
0.041796
0.027057
-0.068692
0.043910
-0.010617
-0.060363
-0.045967
0.015734
0.144378
-0.065553
0.070616
-0.002961
-0.001646
-0.008028
0.084601
0.029176
0.097236
-0.033198
0.039006
-0.045020
0.002131
0.083656
0.090601
-0.010030
0.118037
-0.022138
0.026987
-0.102598
0.028572
-0.048960
0.086908
0.032094
0.058740
-0.045892
-0.029043
0.054949
0.015817
0.004517
0.029475
0.047411
-0.107910
-0.035649
-0.065413
-0.077503
-0.104434
-0.052230
0.045525
-0.031971
-0.066036
0.050121
0.083752
-0.026910
-0.064322
-0.025810
-0.177994
0.029491
0.095599
0.025452
-0.017716
-0.079592
0.063163
0.004129
-0.074725
0.095465
0.071917
-0.088220
0.024879
-0.066447
0.005661
0.017726
-0.022013
-0.057880
-0.125694
-0.050350
-0.042117
0.043083
0.018002
-0.020047
-0.018979
0.018779
0.014070
0.074044
0.166821
-0.009070
-0.060504
-0.040652
0.046347
-0.070009
-0.106890
0.015393
0.064784
-0.008213
0.078435
0.016794
0.102600
-0.024318
0.043914
-0.122505
-0.005687
0.083306
0.044586
0.071099
-0.042161
-0.130847
-0.009180
-0.051146
-0.008130
-0.006791
-0.102990
0.060660
0.086226
