-0.125124
0.022778
-0.085540
0.045114
-0.073024
0.045985
0.032234
0.105583
0.003531
0.068176
-0.056941
-0.107151
-0.088307
-0.004325
0.039446
0.052429
-0.050500
-0.070396
0.020141
0.095645
-0.046895
-0.044609
0.064789
0.093395
-0.028133
-0.099026
-0.055305
0.094320
0.011661
0.075381
0.055533
0.052937
0.020981
0.079567
0.040620
0.036733
-0.152225
-0.098781
-0.008338
0.010761
-0.105161
-0.000505
0.076685
0.007700
-0.075647
-0.071352
-0.026517
0.041874
-0.048161
-0.019113
-0.017337
-0.029293
0.047489
-0.034264
0.125483
-0.020281
-0.065496
-0.111956
0.016833
-0.005665
-0.153009
0.091484
0.062463
0.015106
0.043826
0.003391
-0.005310
-0.043683
0.017889
-0.019140
0.026611
-0.036887
0.013440
0.040113
-0.009423
0.094730
-0.055109
-0.000245
-0.014312
0.044102
0.086949
-0.034655
-0.036718
0.058230
0.113070
-0.086303
0.017499
0.031946
-0.063820
0.006283
0.020651
-0.036071
0.061313
0.076911
-0.140765
0.141337
-0.076326
0.050085
0.015394
-0.082124
-0.027079
-0.107227
-0.034537
-0.024832
-0.006802
0.060661
-0.039003
-0.046268
0.020636
-0.095420
0.022053
-0.008629
0.019702
0.025064
-0.069613
0.097276
-0.051320
0.035817
0.073369
-0.060509
0.112665
0.020383
-0.007245
-0.049302
-0.015153
0.018685
-0.107852
-0.000279
0.069546
-0.032328
-0.041085
0.136033
-0.094944
0.029894
-0.048586
0.061574
0.115956
0.085812
-0.017819
0.015117
-0.033358
-0.067025
0.037629
0.056153
-0.032118
0.006962
0.080547
0.048374
0.021651
-0.019661
-0.006233
0.079728
0.119562
-0.003516
-0.053083
0.067901
-0.010208
0.049308
-0.048247
0.091492
0.064974
-0.113992
0.061697
-0.002182
-0.006606
-0.005097
0.039764
-0.166221
-0.044099
-0.078646
-0.015223
0.018547
-0.104259
-0.007854
0.079229
0.067739
-0.102566
0.120825
-0.025025
-0.051145
-0.037626
-0.055643
0.034779
0.029576
-0.009748
0.098756
0.040055
0.012790
0.080974
-0.022860
0.130848
0.033722
0.022415
0.063396
0.133266
0.034792
-0.034754
-0.027384
0.097040
0.048857
-0.011078
0.068127
-0.010057
0.009457
-0.014931
-0.062441
-0.058828
-0.064115
-0.003209
0.049924
-0.113033
-0.023364
0.179949
-0.110725
0.016717
0.016609
0.021798
0.076781
0.010199
-0.000604
-0.004074
0.019271
0.041335
0.046047
0.097426
0.040967
-0.060193
-0.063482
-0.006826
-0.058758
-0.102750
0.007260
0.091435
0.045392
0.083089
0.037285
-0.014173
-0.019239
0.050399
-0.049957
-0.016426
0.019551
-0.062022
-0.054308
0.006738
0.010868
-0.030950
0.050129
-0.029152
0.054400
0.013557
-0.008009
-0.047648
-0.040659
-0.064588
-0.068571
0.064715
-0.016597
0.016806
-0.076145
0.000630
0.012832
-0.007600
0.086982
-0.036034
0.044027
0.040392
0.041488
-0.058444
0.021443
-0.001610
-0.017835
0.009034
0.014785
-0.015261
0.082391
0.028434
0.060790
0.041123
-0.056885
-0.100636
-0.046575
0.034206
0.046783
-0.033716
0.018662
0.127116
0.015397
0.007611
0.106991
0.116225
0.007522
-0.037014
0.030208
-0.021273
-0.000937
0.091976
0.117421
0.068784
-0.041879
-0.068489
-0.012791
0.069351
-0.052322
0.139448
-0.090073
-0.035048
0.064879
-0.068679
-0.132287
0.035012
-0.026581
0.020809
-0.040996
0.103295
-0.039528
0.103193
0.053308
-0.001701
-0.047523
-0.035217
-0.108982
-0.022525
-0.035477
-0.030267
0.057281
0.022896
0.082436
-0.002500
0.023384
0.032390
0.200471
0.084821
0.109591
0.025921
0.008449
-0.020681
0.121471
0.124234
-0.112623
0.061227
0.083115
0.083559
-0.026152
-0.131095
0.011555
-0.070560
-0.066279
-0.000360
-0.046492
-0.058389
-0.001851
-0.066967
0.019747
0.034239
-0.012046
-0.021522
-0.041687
0.025294
0.004404
-0.053915
-0.065408
-0.022136
-0.022227
-0.042708
0.009053
-0.045714
0.031959
0.058616
0.036449
0.018640
-0.059217
-0.081109
-0.093266
0.002522
-0.069700
-0.003390
-0.007940
0.045600
-0.005822
-0.001298
0.030748
-0.149660
0.015268
-0.010537
0.079995
0.025258
0.127957
0.060719
0.043752
-0.052763
-0.092994
0.025043
-0.074204
-0.059988
0.008142
0.039143
-0.031206
-0.037261
-0.044201
-0.002946
0.063043
0.089597
-0.128288
0.070177
-0.024343
0.096245
-0.067580
-0.011139
0.044983
-0.026166
0.005901
-0.033462
-0.009546
-0.084133
0.124580
0.100247
0.070056
-0.013234
0.056650
-0.073789
-0.070077
0.104536
0.052193
-0.079772
0.130759
-0.043829
-0.014099
-0.115084
-0.043383
0.008362
-0.007378
0.043390
-0.031805
0.013618
0.021031
0.004838
-0.019787
0.025996
0.049701
0.083753
-0.015734
-0.029591
-0.013604
0.025855
-0.057516
-0.028372
0.005285
-0.059682
-0.040018
-0.002271
0.045240
0.004007
-0.023040
-0.008475
-0.093428
0.017592
0.056113
-0.004658
-0.012104
-0.121884
0.009079
-0.152453
-0.120287
0.090145
0.028247
-0.059176
-0.034180
-0.047928
0.001212
-0.015820
0.020093
-0.151841
-0.071452
-0.146058
-0.020538
-0.017516
0.000450
-0.049034
0.003759
-0.004300
0.018894
0.158660
0.150052
0.031981
0.081740
-0.016669
-0.032009
-0.079319
-0.067712
-0.048278
-0.002446
0.023027
0.032278
-0.000908
0.138161
0.023505
0.021080
-0.092980
-0.005250
0.094823
0.007895
-0.065936
-0.028375
-0.092603
0.032305
0.006746
-0.004433
0.012949
-0.048340
0.018159
0.046509
