-0.113142
0.014398
-0.077236
0.018151
-0.056025
0.040031
0.016722
0.074598
0.021649
0.075473
-0.031267
-0.089602
-0.094926
0.019316
0.002090
0.088949
-0.005105
-0.056944
0.029292
0.012407
-0.046463
-0.045633
0.020678
0.079635
0.030321
-0.155738
-0.053456
0.039412
-0.018150
0.033841
0.041442
-0.014485
0.016590
0.076635
0.043729
0.036321
-0.165117
-0.081407
-0.023698
-0.046411
-0.043646
-0.026727
0.065699
0.035838
-0.107934
-0.072710
0.026918
0.065841
-0.037289
-0.033120
-0.053146
-0.052175
0.056260
-0.057742
0.118708
-0.070852
-0.046160
-0.055086
-0.012776
0.006049
-0.095134
0.116196
0.052214
0.000732
0.052416
0.000839
-0.011602
-0.002931
0.051745
-0.001917
0.003849
-0.087778
-0.024695
0.019571
-0.065362
0.077494
-0.068459
-0.027571
0.026522
-0.013626
0.102303
-0.014041
-0.059089
0.080740
0.152691
-0.149457
0.038869
0.084235
-0.058170
-0.030417
-0.005796
-0.022487
0.074409
0.040851
-0.114026
0.177737
-0.003600
0.053537
-0.012589
-0.132068
-0.016564
-0.080167
-0.048022
-0.029885
-0.008878
0.049304
-0.035735
-0.072606
-0.018379
-0.132191
0.032449
0.059546
0.038812
0.030817
-0.094198
0.117071
-0.046854
0.002302
0.092820
-0.063458
0.024957
0.042399
-0.039794
-0.000119
-0.020971
0.020127
-0.068035
-0.049684
0.063330
-0.031720
0.019863
0.127735
-0.040257
-0.009377
-0.056363
-0.001787
0.052836
0.038311
0.080259
-0.000716
-0.045854
-0.108625
0.048029
0.043548
-0.024194
0.033264
-0.003361
-0.012907
-0.017058
-0.011383
-0.043608
0.079982
0.050240
0.016124
-0.032790
0.072742
-0.016125
0.070462
-0.055857
0.067873
0.038260
-0.043916
0.041987
-0.014256
0.030402
-0.069817
0.054989
-0.090813
-0.029718
-0.066791
0.001895
0.025482
-0.074359
-0.013987
0.039098
0.040039
-0.102801
0.063046
-0.014398
-0.074377
0.009084
-0.120522
0.030070
0.042584
-0.017000
0.108486
0.069896
-0.058474
0.016174
-0.079461
0.119415
0.055412
-0.014177
0.044963
0.091114
-0.032930
-0.023067
0.012786
0.028037
0.054157
-0.003331
0.053883
0.034360
0.043954
0.014561
0.020907
-0.049239
-0.125935
-0.037536
0.016925
-0.071701
0.006982
0.171528
-0.107814
0.066479
-0.025194
0.046332
0.088888
-0.011637
0.049729
-0.000505
-0.004505
0.069667
0.090047
0.150151
0.076413
-0.092901
-0.061990
-0.000486
-0.135426
-0.086244
-0.000056
0.119959
0.014578
-0.016926
0.069993
-0.003284
0.020224
0.077041
-0.033151
-0.009708
-0.069266
-0.052376
-0.007117
0.003937
0.046297
-0.054343
0.075608
-0.071691
0.066517
-0.010239
-0.048204
-0.097694
-0.080055
-0.058823
-0.045196
0.055740
-0.056180
0.016892
-0.052168
-0.014810
0.035552
-0.011694
0.097352
-0.045684
-0.001183
0.014820
0.031666
-0.032497
0.021753
0.038431
-0.078102
0.026208
-0.021720
-0.034538
0.088201
0.054195
0.122181
0.090362
-0.032296
-0.086777
-0.008512
0.044716
0.054684
0.004773
0.030813
0.145834
0.025863
-0.004600
0.113935
0.103163
0.003849
-0.050805
0.019658
0.005799
0.006941
0.075424
0.118928
0.047745
-0.007921
-0.065384
0.029776
0.076776
-0.072384
0.156612
-0.105009
-0.023322
0.060468
-0.096821
-0.084092
0.047173
-0.034533
0.026273
-0.000259
0.055444
-0.015372
0.043975
0.087886
-0.014132
0.026954
-0.065988
-0.165481
-0.034692
-0.035767
-0.036853
0.036700
0.026922
0.048710
0.023422
0.035695
0.007420
0.129019
0.110130
0.025084
0.000583
0.063573
-0.015927
0.116887
0.092904
-0.055960
0.108223
0.090944
0.050714
-0.052312
-0.114924
0.078028
-0.094514
-0.043948
-0.008146
-0.069673
-0.035377
-0.010275
-0.050449
0.041351
0.032274
0.033198
-0.051169
-0.008039
0.015070
-0.020234
-0.114694
-0.063295
-0.045088
-0.044049
-0.077593
0.035828
-0.036666
0.025315
0.068825
0.003879
0.040691
-0.022942
-0.084544
-0.124821
0.000686
-0.056943
0.007673
0.020415
0.094437
-0.001673
-0.030376
0.056964
-0.145539
0.000382
0.035054
0.030497
0.022866
0.099345
0.029332
0.009581
-0.063917
-0.066800
0.037749
-0.027947
-0.065836
-0.008545
0.018431
-0.013819
-0.041368
-0.053163
0.026638
0.043125
0.067879
-0.110298
0.042601
-0.001140
0.067517
-0.074638
0.030212
0.080729
-0.051291
0.027906
-0.002596
-0.021687
-0.007633
0.079087
0.069398
0.070736
-0.032742
0.067837
-0.062795
-0.032660
0.128983
0.078695
-0.016958
0.142361
-0.080394
0.042101
-0.126659
-0.014129
-0.058208
0.027109
0.044196
0.007647
-0.029604
0.010572
0.009592
0.008874
-0.003171
0.110626
0.030357
-0.041076
-0.054398
-0.065663
-0.011118
-0.068216
-0.043976
0.038197
-0.048556
-0.076911
0.034983
0.069584
-0.013159
-0.019926
-0.043816
-0.127239
0.043573
0.092816
0.031948
-0.033414
-0.080687
0.064031
-0.065199
-0.115232
0.080649
0.049409
-0.060726
0.033816
-0.051487
-0.013976
-0.006003
-0.011813
-0.087350
-0.105193
-0.117296
-0.036167
0.020567
-0.003040
-0.083240
-0.026627
-0.008114
0.001718
0.165357
0.156695
0.013263
-0.017507
-0.027015
0.018899
-0.074923
-0.088094
-0.027525
0.044946
-0.028311
0.074874
-0.012337
0.106626
-0.009495
0.053520
-0.122947
0.032726
0.118785
0.019067
-0.001571
-0.006890
-0.088910
0.026071
-0.037897
0.021183
0.023799
-0.083702
0.051881
0.038984
