-0.132990
0.025157
-0.061296
0.041097
-0.088200
0.052986
0.028419
0.090967
0.004202
0.080533
-0.048928
-0.084884
-0.062399
0.004981
0.030675
0.011440
-0.051086
-0.060322
-0.016206
0.099391
-0.056306
-0.030768
0.076647
0.099303
-0.032870
-0.083213
-0.066625
0.107779
0.007154
0.075022
0.068567
0.051984
0.033826
0.054929
0.038746
0.005176
-0.121881
-0.106244
-0.003434
0.007859
-0.121418
0.014502
0.065593
0.006393
-0.077264
-0.067274
-0.040131
0.048444
-0.076691
-0.027960
0.013155
-0.001468
0.031478
-0.045020
0.107885
-0.011122
-0.049829
-0.119249
0.005700
-0.021699
-0.155538
0.091276
0.061198
-0.004228
0.038615
0.001976
0.008496
-0.052559
0.017947
-0.029258
0.023041
-0.034498
0.015252
0.050819
-0.006592
0.105834
-0.042729
-0.011272
-0.056908
0.066408
0.069810
-0.009663
-0.009244
0.037904
0.113341
-0.043152
0.023873
0.007780
-0.064701
-0.016960
0.018055
-0.046271
0.077216
0.067233
-0.146890
0.161274
-0.042759
0.032943
0.042234
-0.071817
-0.037062
-0.106436
-0.049776
0.003751
0.002087
0.040601
-0.061732
-0.023225
0.020671
-0.093480
0.019315
-0.032000
0.007038
0.029608
-0.050204
0.090766
-0.033617
0.048130
0.070056
-0.053467
0.105722
-0.011672
0.011858
-0.037832
-0.008883
0.006354
-0.107906
0.005492
0.035058
-0.008989
-0.058169
0.124580
-0.086341
0.045577
0.004916
0.080351
0.120180
0.073108
-0.039083
0.002396
-0.016081
-0.044215
0.056420
0.058383
-0.042905
-0.006961
0.092793
0.073311
-0.003978
-0.027564
-0.010327
0.078678
0.120236
-0.012412
-0.069225
0.066018
-0.028072
0.062591
-0.039618
0.112579
0.044703
-0.134946
0.087902
0.006574
0.005014
0.010233
0.026052
-0.151465
-0.040296
-0.056988
-0.001982
0.046941
-0.093740
0.021989
0.099340
0.071373
-0.094025
0.102884
-0.014003
-0.047374
-0.041203
-0.037841
0.001633
0.026356
0.003358
0.113561
0.013922
0.036529
0.079912
-0.022111
0.137555
0.015892
0.039725
0.051634
0.159015
0.061971
-0.039448
-0.065813
0.098105
0.047094
-0.013524
0.076491
-0.034829
-0.005965
-0.018206
-0.088239
-0.067872
-0.036369
-0.003508
0.085900
-0.119587
-0.040625
0.168969
-0.086232
0.000780
0.040182
0.033639
0.070606
0.012156
-0.014704
-0.016783
0.018151
0.025750
0.000945
0.065878
0.029373
-0.061404
-0.068301
-0.023810
-0.057330
-0.089473
0.003966
0.102719
0.049929
0.085680
0.052706
-0.017775
-0.017771
0.039743
-0.059425
-0.021930
0.040522
-0.078020
-0.086727
0.030447
-0.005251
0.003105
0.055315
-0.021316
0.046662
0.039269
0.010924
-0.055558
-0.017617
-0.065422
-0.076809
0.059499
-0.041923
0.032370
-0.071603
0.008967
-0.003051
-0.016029
0.062364
-0.036303
0.041499
0.088378
0.050739
-0.060969
0.028860
-0.014074
-0.020427
0.048422
0.012485
-0.002230
0.074523
0.027528
0.078758
0.034744
-0.034557
-0.114949
-0.043297
0.023433
0.072103
-0.035928
0.037669
0.121316
0.006004
0.005519
0.107065
0.080535
0.037874
-0.072171
0.016297
-0.010132
-0.002260
0.099542
0.096875
0.090868
-0.042987
-0.066581
-0.011500
0.085611
-0.034404
0.132957
-0.076091
-0.035514
0.084105
-0.026541
-0.144853
0.011431
-0.031370
0.008907
-0.032912
0.075932
-0.047940
0.085250
0.069856
-0.009283
-0.066863
-0.013787
-0.076676
-0.025115
-0.066656
-0.009763
0.060833
0.021554
0.098072
0.006273
-0.002178
0.031959
0.174899
0.069442
0.127330
0.027242
0.005600
-0.020471
0.101206
0.123908
-0.111359
0.023806
0.112923
0.093462
-0.034072
-0.127927
-0.001561
-0.051821
-0.067711
0.015093
-0.055342
-0.048699
0.026451
-0.084002
0.031237
0.054749
-0.009756
-0.017651
-0.038234
0.022524
0.006722
-0.029849
-0.066399
-0.007860
0.003623
-0.016355
-0.002062
-0.041342
0.029600
0.029711
0.012381
0.041463
-0.056545
-0.078340
-0.088370
0.006932
-0.082403
-0.009895
0.003569
0.055942
-0.019865
-0.013331
0.019848
-0.150448
-0.020600
-0.014386
0.083814
0.034079
0.141130
0.080104
0.041276
-0.061118
-0.139737
0.025433
-0.074279
-0.052563
0.015419
0.009562
-0.015252
-0.045250
-0.082066
0.015006
0.056820
0.097969
-0.115640
0.064271
-0.028685
0.100348
-0.072070
-0.023117
0.009717
-0.025250
-0.010138
0.007345
-0.009852
-0.087022
0.115561
0.105399
0.049776
0.007361
0.070423
-0.088857
-0.074855
0.114718
0.026049
-0.075461
0.149457
-0.025887
-0.029261
-0.087133
-0.051772
0.029566
-0.002501
0.035422
-0.059008
0.011162
0.020390
0.037884
-0.021911
0.002983
0.043266
0.100941
0.024072
-0.033199
-0.004319
0.048083
-0.075414
-0.026495
0.007641
-0.052231
-0.037208
0.001250
0.017471
-0.004090
-0.005972
-0.018290
-0.081714
0.013482
0.058312
-0.000916
0.008076
-0.111558
-0.006366
-0.141287
-0.120149
0.091202
0.042237
-0.062612
-0.021575
-0.044445
0.007465
-0.056087
0.030108
-0.176838
-0.058391
-0.121503
-0.013150
-0.016159
0.015882
-0.047894
0.025920
0.002719
0.021825
0.120172
0.149279
0.031329
0.084834
0.004158
-0.008411
-0.082523
-0.056013
-0.045021
0.009781
0.012126
0.035280
0.008293
0.140749
0.017113
-0.010946
-0.092687
-0.034747
0.083160
0.023196
-0.096707
-0.019659
-0.066698
0.024227
0.007315
0.007497
0.023234
-0.062004
0.018137
0.031444
