-0.006095
0.016338
-0.020932
0.028365
-0.048828
0.041317
-0.012606
-0.015169
0.015552
0.122585
0.029430
-0.077229
-0.073129
0.024741
-0.055888
-0.039914
0.006347
0.074496
0.036719
-0.057542
-0.046559
-0.054141
0.042854
0.112931
0.026992
-0.080418
0.016697
0.038485
-0.050612
0.039446
-0.052370
-0.050218
-0.030315
-0.029115
0.069360
0.078850
-0.095025
-0.085819
0.061806
-0.111405
0.019827
0.002273
-0.054062
-0.019628
-0.088364
-0.069693
0.104079
0.043097
-0.061823
-0.039672
-0.001056
-0.069482
-0.002141
-0.015441
-0.021436
-0.076584
0.033002
-0.006234
0.051437
0.116117
-0.058709
0.054255
-0.036869
-0.010935
0.019499
-0.036182
0.006946
0.020207
0.063734
0.060207
0.005475
-0.084508
-0.040069
-0.005309
-0.039277
0.025407
-0.069018
-0.005332
0.032744
-0.044267
-0.056687
0.053694
0.048911
-0.018290
0.066785
-0.074296
0.017693
0.020357
-0.117067
-0.008866
-0.058432
-0.025242
0.016861
-0.067620
-0.039457
0.208801
0.080028
-0.001186
0.007991
-0.109774
0.001372
-0.106925
0.021873
0.026309
-0.004975
0.042588
-0.124113
-0.053738
-0.077641
-0.034405
0.057650
0.154878
0.052653
-0.009743
-0.091642
0.051261
0.021446
0.016823
-0.052586
0.033273
-0.113133
0.014196
-0.046874
0.028928
-0.038303
-0.046872
-0.026430
-0.021662
0.019904
0.069311
-0.032811
0.038030
0.032565
-0.062145
0.001965
-0.076297
-0.005159
-0.119722
0.104802
-0.121873
0.003217
-0.087232
0.004476
-0.012483
-0.005460
0.063993
0.058706
-0.085310
-0.004399
-0.051794
-0.046417
0.092322
-0.107243
0.101983
-0.024540
-0.025643
-0.054643
0.013821
0.037620
0.090547
-0.060206
-0.047089
0.042426
-0.120872
-0.020702
-0.080594
0.046793
-0.072155
0.043171
-0.063741
0.064940
0.036279
-0.002037
-0.015381
0.046928
0.049870
-0.028699
-0.017878
-0.065292
-0.041106
0.084530
-0.065403
-0.014828
-0.027950
-0.006992
0.051566
0.059990
-0.125305
-0.137480
-0.115941
0.063996
0.060688
-0.013234
0.040361
0.092224
0.062011
0.082153
0.050947
-0.021216
-0.010417
0.010711
0.046420
0.064368
-0.010842
-0.044306
0.049544
0.009865
-0.083963
-0.065658
0.072203
0.004774
0.055700
0.021472
-0.070033
0.113121
-0.036318
0.045168
0.070855
-0.040289
0.135888
0.037276
0.028988
-0.027788
-0.045182
0.110222
0.028945
-0.103815
-0.036561
-0.006867
-0.173991
-0.019382
-0.009824
0.113200
-0.082491
-0.064749
0.146809
0.007760
0.035088
0.034469
-0.031233
-0.054147
-0.050922
-0.138228
-0.032631
0.003564
0.011913
-0.000818
0.068462
-0.064239
0.066002
0.077092
-0.027405
-0.104179
-0.137260
-0.058429
-0.008492
0.043603
-0.070906
0.048437
0.003397
-0.022399
0.075086
-0.083447
0.032439
0.027458
-0.025809
0.052418
0.057579
0.023877
-0.003690
0.084341
-0.088254
0.097365
-0.044763
0.006246
0.047592
0.061782
0.144927
0.090969
0.061206
-0.043075
0.018086
0.044360
0.101213
0.070817
0.026193
0.099733
-0.014344
-0.010483
0.078096
-0.024543
0.110876
-0.068673
-0.089022
0.069848
0.108640
0.069378
0.042390
0.025276
0.026612
-0.028980
0.047860
0.074694
-0.092843
0.055069
-0.094483
-0.019489
0.052606
0.008330
-0.029108
0.090785
0.045282
0.015649
0.050033
0.070805
0.077270
-0.003156
0.097929
-0.033174
0.040795
-0.052212
-0.145551
-0.041507
0.028878
-0.016523
0.008206
0.073678
-0.015492
0.087537
0.047653
-0.019290
-0.011487
0.024288
-0.057934
-0.004636
0.082968
-0.045081
0.087275
0.078071
-0.046216
0.080193
0.112723
0.023033
-0.111567
0.007422
0.000960
-0.024853
-0.085640
-0.097300
-0.078438
0.096258
0.079503
-0.072640
0.039146
-0.013542
0.045067
-0.041910
-0.005461
0.063110
-0.019004
-0.108126
-0.045567
0.021308
-0.039201
-0.096010
0.002368
-0.068294
0.042476
0.086702
-0.048412
0.024736
-0.000877
-0.099093
-0.080841
-0.072412
0.031595
-0.050930
0.081167
0.109054
-0.035632
-0.044424
0.040515
-0.000160
-0.006797
0.055043
0.051946
-0.006151
0.060004
-0.017649
-0.012193
-0.011265
-0.072285
0.053508
0.050240
-0.014173
0.001033
-0.051504
0.008780
-0.040872
-0.072887
-0.034623
0.035657
-0.000410
-0.062291
0.029328
0.044878
0.022045
-0.090713
0.004474
0.114114
-0.067503
0.044680
0.088540
-0.011908
0.005960
0.042293
0.016524
0.009464
-0.003692
0.036721
-0.090397
0.029592
0.057506
0.065088
0.057082
0.167904
-0.013172
0.047905
-0.016431
-0.010499
-0.043559
0.088136
0.106296
-0.037813
-0.050362
0.028471
0.084232
0.019045
0.024132
0.144637
0.015106
-0.026351
-0.071520
-0.056566
0.006950
-0.046160
-0.045469
0.048835
-0.045435
-0.066935
0.054758
0.082648
-0.014361
0.133703
-0.066515
-0.093290
0.041054
0.048066
0.032057
-0.046601
-0.127744
0.055756
0.011680
-0.003177
0.071922
0.097617
-0.075725
0.042914
-0.061712
0.108692
-0.064925
-0.017194
-0.133093
-0.018790
-0.047898
0.023528
0.043960
-0.005320
-0.107015
-0.063714
0.005192
-0.021237
0.052857
0.167665
0.022513
-0.040025
-0.052213
0.092031
-0.045032
-0.112722
0.012273
0.075648
-0.084933
0.121376
-0.027513
0.055699
-0.089163
0.060089
-0.118687
0.046291
0.096877
-0.004560
0.019825
-0.005586
-0.071913
0.018436
-0.052953
0.033831
-0.002042
0.022443
0.055244
-0.005896
