-0.092615
0.007407
-0.021771
-0.049444
-0.068925
0.015396
-0.030093
0.042001
0.026686
0.066423
-0.056429
0.024183
-0.024130
0.054028
-0.076214
0.068645
0.018981
0.047346
-0.063765
-0.029008
-0.047333
-0.016333
0.051486
0.030686
0.101293
-0.142398
0.012142
0.025529
-0.069973
0.040614
0.017359
-0.074506
0.102503
-0.005453
0.062208
-0.021838
-0.071810
-0.064768
0.003993
-0.089344
-0.065795
0.034417
-0.079712
0.015660
-0.098127
-0.048087
0.045222
0.035471
-0.017263
-0.007898
-0.017160
0.012264
0.010847
0.025998
0.055140
-0.054961
-0.017146
-0.005624
0.034775
0.073123
-0.020037
0.089285
0.029207
-0.000952
0.041721
0.006712
0.024387
-0.013309
-0.001399
-0.011096
-0.063005
-0.189256
-0.017230
0.012800
-0.024963
0.015286
-0.045454
0.015813
0.100799
-0.074563
-0.078569
0.095031
0.029429
0.002168
0.098591
-0.016184
-0.035601
-0.009238
-0.062591
-0.097371
-0.090180
-0.002903
0.058210
-0.021031
-0.062652
0.130665
0.118613
0.047924
0.083340
-0.141878
-0.000606
-0.069184
-0.021843
0.058718
0.074604
0.033406
-0.047558
-0.070979
-0.074822
-0.138266
0.034945
0.052454
-0.006971
-0.046301
-0.003585
0.106920
-0.037562
-0.037037
0.046345
0.042263
-0.028698
-0.052979
0.059477
0.074950
-0.008885
-0.064605
-0.029033
-0.100592
0.031367
0.021223
0.103810
0.067394
0.028785
-0.104664
0.054869
-0.050103
0.036013
-0.019080
0.060199
-0.033086
-0.004508
-0.025199
0.006637
0.000209
-0.016900
0.064731
-0.018457
-0.056259
0.031658
-0.061719
-0.063513
0.101283
-0.081308
0.003031
-0.023863
0.078574
-0.031512
0.157514
-0.018173
0.102556
-0.029600
-0.064808
-0.015227
-0.042308
0.075440
-0.063992
0.011191
-0.089114
-0.034616
0.026906
0.043028
0.038143
-0.023065
0.094026
0.039394
0.022108
-0.010107
0.022606
-0.019586
0.009991
-0.045022
-0.053821
-0.010681
0.113375
-0.038436
0.086535
0.038977
-0.053579
-0.121056
-0.203397
0.104434
0.020491
-0.048462
0.015105
0.116289
0.015186
0.085330
-0.038411
-0.015650
0.033052
-0.040440
0.008867
0.114795
0.040351
-0.007164
0.012533
-0.072232
-0.061832
-0.111313
0.025904
-0.021308
0.009373
0.121491
-0.004716
0.034252
0.033040
0.105272
0.035293
-0.050019
0.074298
0.071668
0.043173
0.080733
0.025154
0.158365
0.022917
-0.090943
-0.042288
0.044190
-0.188526
-0.035309
0.022254
0.057310
-0.017510
-0.148789
0.156090
0.050923
0.079108
-0.025687
0.014328
-0.016119
0.033490
-0.058654
-0.022605
-0.010786
0.016475
0.050437
0.059186
-0.049991
-0.018758
0.013611
-0.021294
-0.051454
-0.090702
-0.026050
0.002455
0.058466
-0.045749
0.063103
-0.037266
-0.063317
0.057320
-0.030098
-0.017342
-0.061828
-0.027731
0.087010
0.040933
0.047718
0.038522
0.106617
-0.039201
-0.000133
-0.057149
0.007145
0.083077
0.076130
0.079569
0.067943
-0.001612
-0.068495
0.003346
0.033072
0.058413
0.007814
0.056854
0.046593
-0.012943
-0.026356
0.107813
0.037864
0.026142
-0.073192
0.017716
0.022092
0.046058
0.117043
0.097611
0.039698
-0.019717
-0.052309
0.060804
0.017715
-0.008354
0.103838
-0.091601
-0.055333
0.097752
0.005085
-0.072748
0.024168
-0.020319
-0.028851
-0.023890
-0.003238
0.041309
0.006009
0.151765
-0.010539
0.050201
-0.061821
-0.113684
-0.055162
-0.059011
0.007372
0.055516
0.064586
0.059065
0.087250
0.022311
-0.017594
0.009285
0.058830
0.049914
0.010821
0.096904
-0.030879
0.045766
0.078050
-0.015660
0.074971
0.113107
0.051809
-0.091557
-0.014841
0.069660
-0.026051
-0.049675
-0.046539
-0.061987
0.068577
0.074396
-0.096163
-0.003903
0.051380
0.060144
0.004825
-0.026983
0.026530
-0.037353
-0.118663
-0.079664
-0.012499
-0.019808
-0.011289
-0.007162
-0.043108
-0.067256
0.084629
0.012559
0.056920
-0.003391
-0.095826
-0.076331
-0.007043
-0.068219
0.052321
0.052298
0.129720
-0.071950
-0.052492
0.018792
-0.093589
-0.000079
0.058942
-0.039649
0.025331
0.036544
0.062254
-0.027576
-0.053404
-0.047538
0.051794
-0.024793
-0.007572
0.063246
-0.070216
-0.009898
-0.062800
-0.146222
-0.016560
-0.004656
0.049264
-0.117521
0.018159
0.019875
0.013342
0.012624
0.041203
0.024959
-0.078367
0.027953
0.096628
-0.022743
-0.010047
0.040718
0.065137
0.009712
0.023770
0.093575
-0.031314
-0.013461
0.113918
0.073569
-0.022607
0.185796
-0.040787
0.066446
-0.022688
0.018303
-0.029019
0.095486
0.001375
-0.030393
-0.068632
0.041609
0.046265
0.033855
-0.053221
0.124211
0.038693
0.031448
-0.070719
-0.094273
0.030931
-0.017800
-0.071088
0.064071
-0.095699
-0.080030
0.062519
0.089982
-0.052472
0.062342
-0.040270
-0.095584
0.052925
0.107586
0.044346
-0.052190
-0.079203
0.052083
-0.038674
-0.094436
0.061149
0.089952
-0.062302
0.035148
-0.067523
0.070770
-0.032948
-0.021517
-0.115270
-0.048985
0.005827
-0.090010
0.057726
0.080434
-0.074161
-0.023348
-0.008582
0.022188
0.056947
0.226788
-0.026468
-0.054906
-0.043829
0.121505
-0.081166
-0.046092
0.011370
0.082423
-0.002851
0.042905
0.003518
0.046302
0.049728
0.022747
-0.176117
0.012154
0.128820
0.009022
-0.024356
-0.019514
-0.045488
-0.012404
-0.068773
0.004628
0.023107
-0.062159
0.075886
-0.024400
