-0.107197
-0.005675
-0.079504
0.047953
-0.026890
-0.026443
0.047542
0.011032
0.001730
0.134726
0.038346
-0.034730
-0.065847
0.008083
-0.065594
0.051499
0.027129
-0.074783
0.088816
-0.038030
-0.061409
-0.005424
-0.009347
0.127136
-0.029634
-0.143525
-0.065762
0.022012
0.005417
0.065465
0.049680
0.041097
0.038033
0.037758
0.030419
0.023274
-0.086774
-0.136056
-0.003641
-0.044807
-0.010796
-0.042517
0.111809
-0.016773
-0.052284
-0.066435
0.026062
0.048566
-0.030299
-0.037162
-0.012938
-0.054224
0.014924
-0.052438
0.097817
-0.071771
-0.065708
-0.069159
0.059367
0.011352
-0.058346
0.090230
0.108218
-0.012593
0.001245
0.004622
-0.007673
-0.038787
0.036141
-0.010561
-0.038247
-0.082612
-0.035423
-0.008414
-0.051870
0.151417
-0.010430
-0.060030
0.049132
0.029491
0.111319
0.045677
-0.064721
0.117135
0.096084
-0.140345
0.067372
0.040887
-0.089155
-0.033230
0.008115
-0.084310
0.034135
-0.004830
-0.052345
0.205647
-0.032240
0.057402
-0.020443
-0.112142
0.041134
-0.081563
-0.027396
0.067938
-0.067396
0.034381
-0.052585
-0.054324
-0.040613
-0.107313
0.009069
0.031989
0.057080
0.068452
-0.122879
0.082041
0.032875
0.011876
0.014409
-0.075769
-0.040221
0.082828
-0.031349
-0.044962
-0.007581
-0.020471
-0.024809
-0.015778
0.006260
-0.061147
0.013047
0.101156
-0.055010
-0.016641
-0.062501
-0.015405
-0.043297
0.000866
0.061695
-0.056088
-0.061185
-0.142865
0.067752
0.105472
-0.008915
-0.015076
0.015733
0.032159
-0.034857
-0.039856
-0.011414
0.072352
0.030617
0.005307
-0.054209
0.073525
0.011824
0.064582
-0.039187
0.040252
0.052055
-0.074396
0.063034
-0.026450
-0.016111
-0.093563
0.027525
-0.096454
0.024768
-0.065198
-0.003263
0.036367
-0.036692
-0.027515
0.075934
0.032483
-0.130251
0.048755
0.044485
-0.010133
0.048518
-0.045661
0.034599
-0.020986
-0.024416
0.005831
-0.014373
-0.009284
-0.031387
-0.024208
0.052890
0.080310
-0.018779
0.071373
0.085024
0.001133
-0.011875
0.030102
0.101712
0.059290
-0.044644
0.109098
0.010966
0.019390
-0.005985
-0.090091
-0.101983
-0.126161
-0.053230
0.045558
-0.104097
0.024269
0.161373
-0.087415
0.036689
-0.046781
0.007404
0.100210
0.002751
0.079546
-0.015943
0.076389
0.031330
0.004150
0.074956
0.075465
-0.060386
-0.058752
-0.001723
-0.119862
-0.092375
-0.048553
0.098876
0.011264
-0.012152
0.065407
0.029726
0.003776
0.082808
-0.099013
0.014193
-0.116727
-0.071303
-0.023935
0.021858
-0.022377
-0.054927
0.084461
-0.062575
0.031929
0.042109
-0.026223
-0.096534
-0.075790
-0.097992
0.012031
0.061778
-0.031508
0.043752
-0.043699
-0.008141
0.053653
-0.018208
0.100548
-0.021876
-0.027407
0.011048
0.012574
0.015499
-0.012345
0.059001
-0.058756
0.095900
-0.038108
-0.014238
0.048049
0.038230
0.099062
0.077060
-0.022198
-0.036256
0.016290
0.040487
0.054925
0.029175
-0.000382
0.156140
0.032504
-0.024049
0.102555
0.023473
0.054817
-0.087791
0.018520
0.010941
-0.003136
0.081717
0.086211
0.086303
0.019032
-0.041818
0.046755
0.158108
-0.067923
0.153962
-0.101734
-0.044750
0.080661
-0.101924
-0.095435
0.108572
-0.036823
0.027062
0.022072
0.060732
-0.007965
0.039901
0.091274
-0.049225
0.010617
-0.039558
-0.198704
-0.030399
-0.073849
-0.025494
0.080489
0.049226
0.019499
0.039155
0.060940
0.035175
0.083981
0.116448
0.031173
-0.023605
0.032215
-0.027295
0.070658
0.085029
-0.068275
0.071974
0.135336
0.049196
-0.057050
-0.117668
0.066248
-0.094181
-0.069813
-0.007132
-0.085866
-0.024538
0.013268
-0.037102
0.038212
0.059549
0.053015
-0.041352
-0.004697
0.074880
-0.029530
-0.132866
-0.036166
-0.066390
-0.044266
-0.089354
0.077382
-0.077859
0.060387
0.031257
-0.014588
0.065571
-0.023630
-0.111252
-0.119657
0.030564
-0.050017
0.016813
0.027000
0.079000
0.041716
-0.053684
0.062455
-0.089724
-0.012339
0.044145
0.026619
-0.007593
0.106353
0.076569
0.003391
-0.016605
-0.091335
0.037364
-0.023641
-0.066771
-0.036167
0.000333
0.001504
-0.054213
-0.066421
0.048761
0.006253
0.053361
-0.037861
0.027859
0.014358
0.057268
-0.110459
0.009018
0.097862
-0.063126
0.075128
0.003490
-0.006825
0.021890
0.088192
0.039899
0.065166
-0.040023
0.038437
-0.081384
-0.017793
0.089181
0.082158
0.003459
0.111666
-0.047304
0.014277
-0.101233
-0.022280
-0.073570
0.067610
0.073515
0.025486
-0.049101
0.025891
0.047116
0.016779
-0.027654
0.067285
0.042185
-0.052413
-0.036084
-0.036628
-0.050613
-0.061592
-0.056886
0.052322
-0.041993
-0.066953
0.050388
0.100757
-0.012629
-0.017997
-0.033686
-0.073543
0.032564
0.081597
0.025317
-0.014430
-0.065929
0.078128
-0.008222
-0.118615
0.091255
0.064193
-0.060050
0.039617
-0.052703
0.021204
-0.028504
-0.015661
-0.100116
-0.103668
-0.074698
-0.015553
0.033677
-0.034169
-0.053011
-0.037052
0.002512
0.028867
0.111728
0.148173
-0.020727
-0.050119
-0.036035
-0.007291
-0.118514
-0.114607
0.004949
0.042309
-0.008298
0.076313
0.018040
0.103345
0.016174
0.015387
-0.103592
0.020151
0.064023
0.023871
0.033616
-0.029257
-0.040641
0.001828
-0.055183
-0.000042
0.038878
-0.095304
0.062610
0.013493
