-0.115630
0.027748
-0.081831
0.027397
-0.031256
-0.055703
-0.020411
-0.017874
0.096416
0.131371
-0.008823
0.023398
0.083751
0.042385
-0.055471
-0.022490
0.027340
-0.035058
-0.009775
-0.084107
-0.091781
0.008858
-0.010971
0.092605
-0.016610
-0.073605
-0.024779
0.038041
0.003473
0.076778
0.062049
0.045628
0.100643
-0.063366
0.033153
-0.125844
-0.005956
-0.068915
0.014033
-0.065524
-0.067554
0.009324
0.051297
-0.030926
-0.028265
-0.035759
0.006740
0.046681
-0.102477
0.024197
0.078468
0.049083
-0.028730
-0.006260
-0.004502
-0.085169
-0.029238
-0.041835
0.023811
-0.014187
-0.028538
0.126797
0.048476
-0.050774
-0.058523
0.022989
-0.022618
-0.047930
-0.047065
-0.068282
-0.074573
0.002795
-0.014540
0.074951
-0.043553
0.122497
0.018977
-0.007585
-0.043645
0.059070
0.015470
0.070728
-0.060058
0.093350
0.115189
-0.021359
0.035704
-0.004567
-0.061566
-0.077783
-0.051320
-0.093798
0.033187
-0.034470
-0.100182
0.209892
0.036196
-0.003973
0.064985
-0.096714
0.074669
-0.066998
-0.034833
0.092174
-0.014644
0.010536
-0.101201
0.031892
-0.086039
-0.041368
0.015560
-0.021868
0.001399
0.056952
-0.074214
0.084125
0.025344
-0.022670
-0.013373
0.009391
-0.046492
-0.033738
0.039000
-0.061487
-0.050131
-0.009441
-0.018813
-0.009060
-0.065002
-0.043793
-0.037196
0.045337
-0.066227
-0.002070
0.089535
0.024227
0.021136
-0.020569
-0.060215
-0.066102
0.028852
-0.068502
0.110940
0.116278
-0.080638
0.005034
0.050214
0.077659
-0.044920
-0.072399
0.002290
0.057580
0.034150
0.009013
-0.102119
0.120167
-0.068322
0.116527
-0.028398
0.175206
-0.052501
-0.134266
0.044965
0.000283
0.089736
-0.066758
0.035741
-0.058594
0.062400
-0.007893
0.006056
0.064334
-0.076501
0.089345
0.021663
0.035104
-0.039415
-0.017174
0.091885
0.007892
0.042022
0.017879
-0.074605
-0.027221
0.036677
0.021679
-0.055894
-0.017190
0.015991
-0.037134
0.025875
0.017205
0.065952
-0.004239
0.136406
0.025227
0.008441
-0.104777
0.072300
0.035508
-0.073006
0.071852
0.032484
-0.063076
-0.045940
-0.131922
-0.141375
-0.060343
-0.051622
0.100819
-0.104262
-0.084783
0.101095
0.024300
0.018562
-0.028230
0.068046
0.030969
0.026381
0.039352
-0.042373
0.121998
0.018280
-0.118693
-0.014305
-0.003453
-0.029512
-0.058093
-0.021290
-0.076528
-0.032868
-0.032516
0.083266
-0.002923
-0.062703
0.085279
0.073557
0.009519
0.047196
-0.086610
-0.018773
-0.046056
-0.099754
-0.053667
0.071704
-0.042470
0.029922
0.032491
-0.050966
-0.059031
0.048800
-0.036041
-0.110743
-0.039791
-0.048352
0.081289
0.056040
-0.064451
0.081224
0.055046
-0.050410
0.039274
0.005180
0.047092
-0.015959
-0.043778
0.016640
0.055675
0.058615
-0.036694
0.056268
-0.003572
0.097947
-0.054193
-0.008350
0.042689
0.071415
0.053482
0.069325
0.056003
0.011294
0.016026
0.000411
0.107893
0.066009
0.085291
0.022469
-0.072068
-0.043419
0.106472
-0.033901
-0.002141
-0.019649
0.037384
0.027945
0.021384
0.053363
0.013964
0.090862
0.022117
-0.022591
0.062771
0.101156
-0.039748
0.109498
-0.058161
-0.042151
0.071289
0.033164
-0.088557
0.133346
0.030087
-0.053614
0.048052
0.112496
-0.038701
0.012139
0.098450
-0.022894
-0.042360
-0.030394
-0.163283
-0.024368
-0.035029
0.002070
0.029687
0.067324
-0.003544
0.102086
0.060304
-0.022054
-0.029842
0.019974
0.065623
-0.009243
0.075917
-0.059690
0.022245
0.076009
-0.041570
-0.006073
0.120115
0.077886
-0.154700
-0.021023
0.029761
-0.028902
-0.082474
-0.008817
-0.093528
0.117653
0.055719
-0.089376
-0.003339
0.034549
0.063533
0.023079
0.012695
0.054590
-0.034991
-0.087188
-0.046018
-0.015274
-0.087409
-0.044145
0.019908
-0.034128
-0.035064
0.049918
-0.060041
0.002958
-0.051807
-0.084040
-0.035404
-0.001116
-0.014611
0.017214
0.064805
0.097850
-0.065947
-0.041471
0.029583
0.014583
-0.045106
0.048095
-0.010655
0.020719
0.039137
0.042525
0.002419
-0.024457
-0.027928
0.054193
-0.044356
-0.062625
-0.018254
-0.084615
0.112951
-0.050916
-0.102763
-0.044126
0.003123
0.061773
-0.039368
0.021898
0.019136
0.068654
-0.098114
0.011053
0.126088
-0.078459
0.040610
0.080916
-0.010462
-0.013608
0.027586
0.038500
-0.050605
0.087177
0.039602
-0.082152
-0.065081
0.087548
0.082137
0.001570
0.130911
-0.056783
0.036074
-0.055617
-0.049799
0.014219
0.106517
0.092049
-0.020520
-0.070685
0.026519
0.077137
0.023982
0.030649
0.106326
0.063624
-0.011359
-0.072446
-0.045216
0.023621
-0.067617
-0.078736
0.062597
-0.039347
-0.078577
0.066567
0.119958
0.008714
0.117307
0.014743
-0.037924
0.039792
0.032436
0.036024
-0.041908
-0.117256
-0.003704
0.018695
-0.093887
0.098946
0.128498
-0.073232
0.061040
-0.062961
0.060261
-0.098067
-0.059001
-0.114059
-0.018335
0.044472
-0.013674
0.058825
0.040749
-0.090416
0.003807
-0.007827
0.051756
0.025712
0.205031
-0.103265
-0.038580
-0.064630
0.092211
-0.029827
-0.106023
0.098839
0.064343
-0.004709
0.084819
0.028041
0.044332
0.029481
-0.024230
-0.056394
-0.000823
0.089268
-0.017988
-0.021332
-0.029013
-0.063792
-0.023740
-0.067131
-0.009207
0.063105
-0.014175
0.076278
0.087276
