-0.140066
0.042990
-0.090776
0.054598
0.001661
-0.052386
-0.012405
-0.022345
0.108496
0.116489
0.021307
0.037591
0.076496
0.025928
-0.040438
0.005775
0.028567
-0.047507
-0.000388
-0.076985
-0.086319
0.021931
0.010908
0.062673
-0.035595
-0.071833
-0.043849
0.059972
-0.024943
0.081470
0.066795
0.045543
0.090979
-0.055223
0.055460
-0.118380
-0.054153
-0.066903
0.024613
-0.080256
-0.078804
-0.028021
0.045654
-0.010306
-0.064131
-0.027672
0.011943
0.071106
-0.086567
0.030471
0.073791
0.051294
0.001802
0.006686
0.001121
-0.080665
-0.040564
-0.042236
0.001148
-0.004028
-0.067054
0.120777
0.062122
-0.061805
-0.053459
0.038061
-0.028899
-0.037196
-0.040865
-0.057272
-0.055485
-0.027839
-0.001170
0.084816
-0.004399
0.121911
0.023234
-0.009710
-0.042096
0.045749
0.016512
0.067063
-0.083833
0.127606
0.120642
-0.037200
0.031614
0.020224
-0.055334
-0.108825
-0.039588
-0.067180
0.055451
-0.038699
-0.106600
0.218205
0.036875
-0.005176
0.059289
-0.081842
0.096593
-0.095638
-0.044897
0.042991
-0.003298
-0.008501
-0.086251
0.010853
-0.064484
-0.063984
-0.001555
-0.002102
-0.002426
0.069362
-0.087284
0.083823
0.004497
-0.015373
-0.012184
-0.015149
-0.057513
-0.017369
0.048643
-0.069277
-0.049412
-0.018007
-0.013916
0.001563
-0.069143
-0.056739
-0.004697
0.056416
-0.079577
0.003842
0.052199
0.006087
0.012753
-0.025848
-0.041989
-0.059344
-0.012405
-0.044634
0.101490
0.121036
-0.080314
0.027125
0.044755
0.097116
-0.023050
-0.060768
-0.016601
0.069329
0.029294
0.038166
-0.108983
0.126064
-0.060771
0.107062
-0.037275
0.153660
-0.067573
-0.120651
0.030400
0.033184
0.121405
-0.080796
0.065366
-0.068044
0.052783
-0.010916
0.006898
0.047029
-0.090722
0.097088
0.011414
0.024973
-0.043438
0.000352
0.098361
0.017272
0.023177
0.007894
-0.075085
-0.010166
0.037920
0.037372
-0.044198
-0.012182
0.028053
-0.041683
0.018640
0.035014
0.077706
-0.018892
0.129798
-0.009522
-0.001043
-0.084710
0.070192
0.022278
-0.041458
0.060723
0.025243
-0.061257
-0.018741
-0.131077
-0.146823
-0.054712
-0.048694
0.123243
-0.119761
-0.066022
0.108933
-0.001541
-0.010520
-0.034546
0.053939
0.030422
0.011991
0.022900
-0.062026
0.094600
0.005691
-0.093845
0.010302
-0.005482
0.006087
-0.068485
-0.044040
-0.080211
-0.033812
-0.043103
0.075452
-0.001161
-0.056448
0.065277
0.054980
0.019953
0.059568
-0.098940
-0.026924
-0.036172
-0.091090
-0.064343
0.078821
-0.036319
0.000829
0.039106
-0.045785
-0.024998
0.045793
-0.030849
-0.095367
-0.027285
-0.063746
0.065599
0.018102
-0.066946
0.061513
0.064950
-0.054692
0.033886
0.017656
0.089453
-0.001969
-0.036588
0.006946
0.047838
0.041079
-0.005963
0.066663
-0.017847
0.116491
-0.047730
-0.008692
0.051176
0.054676
0.060790
0.082857
0.058484
-0.029018
0.015626
0.008802
0.098036
0.053552
0.081706
0.051809
-0.042181
-0.037570
0.112340
-0.019860
0.018304
-0.052853
0.028146
0.002702
0.006543
0.064703
0.030223
0.087239
0.037559
-0.045887
0.054086
0.119620
-0.007229
0.131425
-0.040095
-0.044256
0.077846
0.019020
-0.089354
0.106850
0.036624
-0.017537
0.073795
0.100618
-0.044777
0.017445
0.071262
-0.039295
-0.016699
-0.046674
-0.182862
-0.051900
-0.023258
-0.018071
0.052584
0.069924
-0.013705
0.063839
0.048888
-0.031976
-0.008365
0.043550
0.022781
-0.026883
0.088786
-0.041819
0.005515
0.080031
-0.035364
-0.025490
0.112657
0.068163
-0.164009
-0.030427
0.046310
-0.052298
-0.071119
-0.005716
-0.102191
0.067604
0.058510
-0.085658
0.037468
0.047837
0.056446
0.029361
0.032589
0.057538
-0.028606
-0.120594
-0.043867
-0.031369
-0.089264
-0.080387
0.008138
-0.050172
0.007143
0.034619
-0.065343
-0.009081
-0.052954
-0.075782
-0.009627
0.029729
-0.008063
0.021167
0.053303
0.081568
-0.067082
-0.029398
0.051691
-0.018287
-0.041474
0.043309
0.010050
0.021572
0.069876
0.053413
0.008673
-0.013187
-0.033729
0.012174
-0.051111
-0.052809
-0.031081
-0.045885
0.112625
-0.045709
-0.081778
-0.028601
0.020851
0.066324
-0.043189
0.029850
-0.012193
0.059917
-0.108854
0.018768
0.115295
-0.068167
0.059457
0.053840
-0.034841
-0.038012
0.026925
0.031097
-0.008906
0.067390
0.013105
-0.115892
-0.066809
0.092556
0.087280
-0.000455
0.144787
-0.051311
0.027282
-0.067007
-0.067869
-0.014886
0.092361
0.110801
-0.001718
-0.060186
0.031778
0.061494
0.020950
0.037143
0.125573
0.075774
-0.038746
-0.089929
-0.030606
-0.006109
-0.068171
-0.073015
0.056908
-0.029078
-0.091361
0.059916
0.112316
0.001895
0.130646
0.018416
-0.056353
0.040144
0.022952
0.038073
-0.062274
-0.097670
0.036851
0.019625
-0.072519
0.105675
0.108901
-0.068915
0.048299
-0.053744
0.048157
-0.078293
-0.060951
-0.127115
-0.034235
0.015496
0.023372
0.052935
0.048892
-0.077332
-0.014735
0.021768
0.055327
0.048110
0.213620
-0.108127
-0.025029
-0.071384
0.080796
-0.025022
-0.117781
0.079203
0.054155
0.001993
0.095733
0.027763
0.042361
0.046828
-0.034868
-0.056429
0.016289
0.089070
-0.003098
-0.009003
-0.044119
-0.077026
-0.030342
-0.059365
0.018053
0.069241
0.002564
0.072753
0.057739
