-0.076659
0.094096
-0.122975
0.022968
-0.066610
-0.044437
0.008951
0.033774
0.103614
0.097939
-0.020160
-0.060752
0.078272
-0.007252
-0.044560
-0.029269
0.012800
-0.004182
0.006323
-0.082661
-0.065335
-0.021150
-0.024883
0.090739
0.017432
-0.028320
0.022068
-0.005739
-0.002331
0.052215
-0.007333
0.027773
0.126837
0.000588
0.028477
-0.055613
-0.058953
-0.056443
0.021231
-0.081063
-0.100180
0.040778
0.061479
0.014641
0.007445
-0.019031
0.006803
0.037672
-0.119959
-0.016530
0.072297
0.038917
-0.019561
-0.042119
-0.004688
-0.044298
-0.068708
-0.031866
-0.017765
0.007856
-0.030345
0.107250
0.051600
-0.011025
-0.087428
0.012039
-0.003865
0.028310
-0.012890
-0.009891
-0.010910
0.034047
-0.000861
0.047558
-0.054842
0.085367
0.025466
-0.035619
-0.042648
0.105848
0.010181
0.006249
-0.028235
0.070344
0.156726
0.001741
0.048813
-0.022395
-0.041565
-0.014650
-0.030000
-0.117770
0.052683
-0.013819
-0.130739
0.265258
0.045343
-0.063873
0.066278
-0.093900
0.068104
-0.050501
-0.043892
0.059822
0.017462
0.021323
-0.067659
0.023684
-0.106086
-0.015421
0.058158
0.031316
-0.029388
0.021908
-0.080561
0.035034
0.030713
0.017164
-0.010897
-0.004760
-0.054159
-0.006868
-0.057896
-0.022555
-0.021615
0.042297
-0.024871
-0.031518
0.008057
-0.039115
-0.064308
0.078270
-0.052642
0.031868
0.090700
0.012390
0.095447
0.030207
-0.072204
-0.075054
0.024059
-0.067405
0.095272
0.087525
-0.071044
0.010492
0.026595
0.089731
-0.043325
-0.079753
-0.014341
0.069886
0.057912
0.035492
-0.090795
0.103390
-0.075582
0.011898
-0.006005
0.164539
-0.128927
-0.124981
0.075614
-0.019767
0.066293
-0.067509
0.067803
-0.017960
0.039484
-0.078885
0.017452
0.040595
-0.125880
0.068625
-0.007911
0.090851
0.001133
-0.056673
0.066862
0.002097
0.106384
-0.003678
-0.050521
-0.125216
0.049963
0.055747
-0.041750
-0.055914
0.023509
-0.019398
0.056570
-0.014701
0.030984
-0.041659
0.122088
0.024534
-0.039162
-0.085695
0.050867
-0.010629
-0.080858
0.054783
0.010779
-0.076730
-0.074873
-0.079057
-0.112479
-0.053552
-0.037804
0.089576
-0.119519
-0.157562
0.097892
0.014248
0.076983
-0.030586
0.081833
0.009184
0.032506
0.053348
0.000142
0.098643
0.032865
-0.108618
0.039126
-0.006696
-0.070373
-0.064981
-0.017657
-0.081097
-0.013410
-0.005671
0.096649
0.037749
-0.003465
0.081126
0.058176
-0.009449
0.060873
-0.060499
-0.028646
-0.028632
-0.114416
-0.047608
-0.014374
0.066817
0.015708
-0.005795
-0.016197
-0.008471
0.088691
-0.047335
-0.081012
0.019663
-0.024220
0.031220
0.064882
-0.014033
0.005485
-0.012660
-0.048919
0.091099
-0.024146
0.078624
0.009654
-0.034323
-0.040340
0.040703
0.085857
0.018885
0.042916
0.008539
0.049883
-0.048392
-0.078152
0.053632
0.067604
-0.012974
0.069883
0.096449
-0.001161
0.023947
0.005212
0.071816
0.099984
0.071358
0.042292
-0.090280
-0.061367
0.111567
0.009880
0.003494
-0.006436
0.064379
0.004918
0.045822
0.053247
0.012131
0.029863
0.083453
-0.082333
0.049099
0.053241
0.022311
0.115762
-0.099044
-0.053989
0.037037
0.029784
-0.084549
0.135152
0.087683
-0.030951
0.028362
0.133863
-0.048404
0.016298
0.045626
-0.025522
0.056555
-0.058364
-0.192518
-0.072987
0.025989
-0.000055
0.012910
0.057742
-0.027524
0.093333
0.104817
-0.018065
-0.027866
0.047333
0.055765
-0.024803
0.074564
-0.058790
-0.012762
0.104018
-0.064143
0.010446
0.145684
0.019713
-0.133575
-0.027861
0.028901
-0.033193
-0.085582
-0.043887
-0.118164
0.115917
0.070869
-0.089054
-0.078911
-0.005299
0.051680
0.036254
-0.087810
0.075890
-0.036957
-0.063373
-0.025599
-0.005606
-0.094588
-0.094538
0.006730
-0.081422
-0.015152
0.102052
0.028326
-0.004350
-0.080029
-0.082564
0.050610
-0.029146
0.000468
0.040333
0.053235
0.047832
-0.041777
0.018707
0.052708
0.061577
-0.007035
0.037473
-0.011389
0.000897
0.010280
0.045760
0.009098
-0.022349
0.051866
0.066861
-0.037864
-0.056006
-0.049078
-0.042778
0.074006
-0.093094
-0.096824
-0.079947
-0.018539
0.038460
-0.026380
0.000311
0.027558
0.040784
-0.019601
0.040891
0.184623
-0.066008
0.051288
0.003170
-0.013709
-0.008660
0.067925
0.017818
0.005479
0.068903
0.055122
-0.041855
-0.039628
0.048661
0.115086
-0.057870
0.115451
0.014152
0.049285
-0.038600
-0.002160
0.033054
0.120366
0.108791
0.018497
-0.054803
0.016650
0.001326
0.027845
0.024234
0.025423
0.071591
-0.040457
-0.044040
0.013454
-0.001331
-0.051657
-0.079355
0.067483
-0.018703
-0.115792
0.050569
0.126852
0.051405
0.075209
0.015690
-0.037497
0.044884
0.051228
0.030447
-0.075062
-0.103256
-0.018641
0.006776
-0.078252
0.091314
0.079804
-0.081334
-0.053889
-0.064469
0.057897
-0.069103
-0.059814
-0.096103
-0.035799
0.033911
-0.050817
0.044927
0.014898
0.006306
-0.004286
-0.006948
0.036863
0.040899
0.142513
-0.080056
-0.008380
-0.124184
0.075853
-0.042846
-0.108486
0.040516
0.062624
0.030914
0.058851
0.051859
0.056787
0.016529
0.049060
-0.071463
0.061921
0.079008
-0.070913
-0.015213
-0.077297
-0.076120
-0.069065
-0.051387
-0.020641
0.054990
-0.000154
0.072809
0.087638
