-0.154179
0.032099
-0.066768
-0.003453
-0.045914
-0.063004
0.006953
0.023591
0.076422
0.131952
-0.005068
0.040859
0.049907
0.042286
-0.073173
-0.009852
0.022602
-0.059398
-0.016910
-0.069241
-0.069387
-0.011158
0.038114
0.064537
-0.009067
-0.106983
-0.041922
0.070553
-0.005472
0.066871
0.105939
0.028228
0.125628
-0.021872
0.015126
-0.112351
-0.000201
-0.081825
0.004803
-0.069171
-0.095042
0.019153
0.052873
0.011080
-0.049914
-0.025609
-0.052738
0.075708
-0.108946
0.000633
0.078735
0.062531
-0.030473
-0.020091
0.000277
-0.081248
-0.069374
-0.107771
0.017547
-0.042565
-0.027747
0.068271
0.054024
-0.030330
-0.035772
0.018343
0.024772
-0.082350
-0.026258
-0.089321
-0.068454
-0.030541
0.001322
0.031341
-0.020470
0.131053
0.012303
-0.001764
-0.007109
0.045526
0.037720
0.079729
-0.061473
0.061558
0.068192
-0.034809
0.029465
-0.009417
-0.040887
-0.072393
-0.051438
-0.100817
0.039827
-0.013891
-0.083454
0.197447
0.041256
-0.025453
0.080374
-0.119111
0.020391
-0.052974
-0.038140
0.107800
-0.018595
-0.005597
-0.061030
0.033561
-0.067312
-0.108716
-0.010591
-0.022958
-0.013456
0.074350
-0.070113
0.071851
0.060722
0.016650
0.028938
-0.010896
-0.009133
-0.010538
0.047442
-0.060992
0.010702
-0.013681
-0.038003
0.008501
-0.032901
-0.064432
-0.031250
0.082921
-0.073422
-0.001424
0.064677
0.075717
0.034458
-0.017989
-0.057818
-0.045026
0.017242
-0.084747
0.091121
0.113852
-0.067394
0.001800
0.026457
0.091505
-0.069214
-0.040583
-0.007014
0.038723
0.048938
-0.002139
-0.109356
0.121838
-0.034998
0.133638
-0.056725
0.099735
-0.015916
-0.158656
0.067076
-0.003456
0.088549
-0.087890
-0.000616
-0.103415
0.021727
0.021362
0.019375
0.042689
-0.067262
0.090002
0.038409
0.016193
-0.045346
0.018917
0.087771
0.013488
0.001287
-0.001523
-0.029778
0.014221
0.034408
0.050855
-0.056742
0.006349
0.031248
-0.034440
0.057747
-0.002418
0.044665
-0.019173
0.149796
0.036514
-0.017541
-0.098026
0.091386
0.032279
-0.088735
0.085600
0.014692
-0.021440
-0.037203
-0.170541
-0.097225
-0.028366
-0.029450
0.082622
-0.110527
-0.070883
0.121488
-0.016939
0.010278
-0.008380
0.071356
0.036023
0.001674
0.039007
-0.034160
0.109010
0.053398
-0.078932
0.027210
-0.007775
-0.057115
-0.102842
-0.021047
-0.073516
-0.029559
-0.024388
0.109237
0.026029
-0.012957
0.063500
0.058862
-0.011358
-0.003142
-0.083788
0.009384
-0.036835
-0.073968
-0.116560
0.065917
-0.048173
0.065139
0.052041
-0.030217
-0.019650
0.041015
-0.062825
-0.092907
-0.044555
-0.082200
0.062156
0.054713
-0.041079
0.089944
0.020491
-0.055828
0.041126
0.028394
0.026736
-0.047673
-0.044316
0.041262
0.046154
0.000940
-0.023882
0.055330
-0.024298
0.108817
-0.057463
-0.036195
0.035523
0.089785
0.071662
0.058673
0.012038
0.026267
0.010568
-0.002890
0.100434
0.027827
0.032800
0.055189
-0.045202
-0.036443
0.108342
-0.011194
-0.037228
-0.007802
0.060966
0.068396
0.044500
0.048696
0.020533
0.063671
0.006565
0.023297
0.066736
0.141018
-0.038429
0.105488
-0.041914
-0.043762
0.055000
-0.030682
-0.089761
0.126445
0.020617
-0.018472
0.007418
0.126164
-0.024298
0.006638
0.076681
-0.025824
-0.053483
-0.056940
-0.140748
0.005064
-0.066770
-0.047664
0.036390
0.071868
0.041688
0.085281
0.053466
-0.029405
-0.011301
0.043552
0.059517
-0.018749
0.059417
-0.027247
0.036098
0.078614
-0.067264
0.014215
0.114489
0.037113
-0.140410
-0.017628
0.080933
-0.065289
-0.094483
-0.011016
-0.084537
0.086987
0.044074
-0.047683
-0.019528
0.043868
0.069468
0.043610
0.010804
0.028906
-0.025384
-0.133609
-0.044985
-0.049701
-0.109798
-0.106418
0.032236
-0.035160
-0.011372
0.037241
-0.100069
0.046034
-0.047719
-0.094392
-0.094572
0.009067
-0.000755
0.017913
0.070547
0.087587
-0.017746
-0.029717
0.013746
-0.005676
-0.041508
0.051602
-0.013624
-0.022557
0.015942
0.082258
-0.000485
-0.000394
-0.036767
0.071386
-0.037902
-0.098523
-0.049394
-0.054011
0.077845
-0.058960
-0.056529
-0.011043
-0.010018
0.034664
-0.083422
0.042321
0.011092
0.015912
-0.091942
0.013870
0.104892
-0.081747
0.037004
0.055674
-0.034754
-0.023847
0.006607
0.030305
-0.025515
0.012904
0.061670
-0.064287
-0.071602
0.107773
0.062205
-0.015010
0.139919
-0.059912
0.019683
-0.065414
-0.024077
-0.015719
0.087050
0.098298
0.029712
-0.074893
0.005700
0.100592
0.022534
0.035003
0.082074
0.059940
-0.051683
-0.070925
-0.052774
-0.005797
-0.070556
-0.075570
0.056725
-0.052763
-0.069071
0.068261
0.121795
-0.009055
0.024690
0.011006
-0.071584
0.033558
0.045055
0.030839
-0.050500
-0.097293
0.054623
0.015143
-0.087270
0.108845
0.152795
-0.077019
0.061022
-0.062790
0.060621
-0.068816
-0.053975
-0.102257
-0.058202
-0.032811
-0.019411
0.065674
0.029381
-0.081613
0.010771
-0.006302
0.069150
0.058223
0.216124
-0.095562
-0.050406
-0.035860
0.097381
-0.051357
-0.081322
0.080082
0.064273
-0.008899
0.081485
0.029542
0.049043
0.032162
-0.054100
-0.072442
-0.017017
0.112048
0.042360
0.021862
-0.041563
-0.083982
-0.029002
-0.074182
0.001040
0.046471
-0.037869
0.074648
0.113206
