-0.070136
0.058601
-0.102942
0.035953
-0.047272
-0.039745
-0.020685
-0.012919
0.081911
0.123818
0.004986
-0.001841
0.074747
0.017246
-0.069390
-0.052006
0.021520
0.008663
0.013662
-0.122097
-0.091599
0.003199
-0.008551
0.141675
-0.001409
-0.046083
0.020101
0.018065
-0.004606
0.069665
-0.003552
0.039525
0.082884
-0.051173
0.046209
-0.074871
-0.028284
-0.076463
0.040527
-0.099693
-0.067692
0.009098
0.033667
-0.013559
-0.019695
-0.054128
0.027945
0.026691
-0.098588
0.002075
0.097154
0.025140
-0.052457
0.019430
-0.036819
-0.065937
-0.024099
-0.038060
0.052106
0.033877
-0.027184
0.096880
0.015359
-0.034855
-0.105013
-0.001049
-0.011047
-0.054468
-0.024953
-0.016548
-0.052784
0.005798
-0.011606
0.069139
-0.014382
0.151905
0.035671
-0.018573
-0.039892
0.066749
-0.000383
0.073376
-0.024137
0.065981
0.085285
0.003641
0.021307
-0.026853
-0.058164
-0.036311
-0.042038
-0.084488
-0.010119
-0.055631
-0.092530
0.231851
0.039870
-0.023021
0.062461
-0.097071
0.100318
-0.085794
-0.040698
0.084367
-0.004105
0.040232
-0.096076
0.039598
-0.092908
-0.020016
0.033912
0.012193
-0.018976
0.050777
-0.092478
0.040597
0.032277
0.000800
-0.078051
0.053025
-0.084894
-0.018723
-0.003080
-0.076408
-0.066527
0.001300
0.013110
0.006798
-0.066757
-0.008810
-0.041115
0.055992
-0.031180
0.006437
0.115603
0.011954
0.024451
-0.023811
-0.072629
-0.110399
0.047985
-0.043013
0.099730
0.106139
-0.024217
0.010238
0.032308
0.066840
-0.046475
-0.076383
0.000456
0.087081
-0.016091
0.039158
-0.092309
0.085276
-0.071533
0.079117
0.002007
0.179304
-0.090289
-0.160526
0.050809
-0.066083
0.036029
-0.064063
0.052312
-0.061410
0.074170
-0.036560
0.031811
0.041120
-0.063786
0.078176
0.015080
0.026748
-0.002145
-0.042861
0.063823
0.008668
0.094751
0.041166
-0.074695
-0.053073
0.022187
0.017608
-0.054140
-0.032931
0.004074
-0.029218
-0.004870
0.005801
0.046573
-0.008800
0.110475
0.053255
-0.001301
-0.047498
0.054520
-0.000551
-0.063958
0.071202
0.002229
-0.089034
-0.081793
-0.124928
-0.112555
-0.035056
-0.045751
0.144004
-0.101867
-0.112053
0.066750
0.035819
0.052241
-0.048975
0.082901
0.044292
0.000848
0.062158
-0.012243
0.118731
0.007776
-0.140640
-0.036152
-0.009515
-0.024835
-0.072741
-0.006024
-0.063225
-0.014567
-0.042764
0.119236
-0.000268
-0.039483
0.052997
0.069261
-0.009819
0.048520
-0.071322
-0.078295
-0.047953
-0.133406
-0.052020
0.057383
-0.041965
0.027242
-0.004308
-0.041416
-0.056687
0.065206
-0.008236
-0.086706
-0.047813
-0.033372
0.058806
0.041778
-0.049364
0.020505
0.064737
-0.057742
0.054730
-0.025962
0.045679
0.005404
-0.018933
0.008600
0.039825
0.070461
-0.020072
0.089138
-0.039909
0.101589
-0.038059
-0.035559
0.038575
0.063973
0.003034
0.059921
0.061776
-0.033676
0.007729
-0.001545
0.085537
0.089205
0.075109
0.081765
-0.064020
-0.032653
0.117015
0.010116
0.007815
-0.006496
-0.006108
0.050850
0.053778
0.064055
0.009666
0.094877
0.051771
-0.067149
0.038377
0.124058
-0.028197
0.112318
-0.072735
-0.051358
0.039742
-0.002110
-0.094515
0.128848
0.017778
-0.003740
0.099852
0.107288
-0.020687
0.018617
0.091004
-0.012198
-0.017071
-0.027619
-0.187128
-0.024298
0.023614
0.000126
0.044224
0.079638
-0.003222
0.101527
0.094664
0.001262
-0.017705
0.020690
0.017527
-0.001281
0.062029
-0.055517
0.008270
0.071574
-0.070208
-0.021387
0.106121
0.072785
-0.144216
-0.042445
0.056346
-0.028597
-0.092814
-0.028977
-0.124014
0.083664
0.065610
-0.120875
-0.003619
-0.000299
0.039458
0.045840
0.016397
0.051855
-0.029131
-0.093191
-0.039626
-0.024086
-0.089656
-0.057485
0.046210
-0.041732
0.036908
0.070273
-0.022100
0.017157
-0.060069
-0.045207
-0.034341
-0.016578
0.002678
0.004210
0.069238
0.063582
-0.054100
-0.027474
0.038878
0.029457
-0.059745
0.019223
-0.027307
-0.001314
0.043270
0.012366
0.019804
-0.038082
-0.040758
0.070062
-0.035109
-0.017485
-0.015942
-0.047312
0.119319
-0.061532
-0.082741
-0.027146
0.006997
0.062051
-0.020691
0.013124
-0.024405
0.054884
-0.127923
0.033581
0.137948
-0.055914
0.046818
0.075147
-0.019923
-0.049665
0.031256
0.013577
-0.031261
0.100680
0.057616
-0.082699
-0.062805
0.062163
0.083574
-0.069132
0.132510
-0.063308
0.006343
-0.045783
-0.019803
0.003838
0.094581
0.125028
0.017866
-0.043070
0.035804
0.050300
0.015184
0.004826
0.094593
0.092296
-0.029175
-0.060462
-0.003986
0.004527
-0.043664
-0.073438
0.056707
-0.010417
-0.093440
0.045494
0.091613
0.051906
0.110669
0.032701
-0.043099
0.036493
0.041140
0.033834
-0.028830
-0.107157
-0.004468
0.011750
-0.071861
0.098373
0.080535
-0.054380
0.033884
-0.067640
0.074212
-0.124641
-0.058743
-0.142462
0.009288
0.012353
-0.029506
0.041152
0.036235
-0.102358
-0.015896
0.007433
0.045772
0.061727
0.189479
-0.112625
0.028623
-0.074708
0.067227
-0.033505
-0.120857
0.089418
0.043868
0.046576
0.088338
0.019430
0.042801
0.053067
-0.017183
-0.095425
0.026909
0.088054
-0.014917
-0.008108
-0.027970
-0.085069
-0.044358
-0.040077
-0.004944
0.066547
0.038590
0.063172
0.084821
