-0.055678
0.072437
-0.114032
0.029151
-0.045160
-0.043247
-0.010261
0.011778
0.122702
0.129174
0.003888
-0.008820
0.085177
0.002402
-0.077858
-0.045356
0.008100
0.023616
0.011817
-0.128058
-0.077747
-0.002862
-0.022365
0.125595
0.025433
-0.018958
0.052348
-0.012477
-0.001688
0.072366
-0.023509
0.041739
0.108544
-0.025363
0.060729
-0.061113
-0.037830
-0.058535
0.024747
-0.087994
-0.100130
0.053700
0.013961
-0.016546
0.009225
-0.059455
0.014965
-0.001193
-0.094398
0.012832
0.097288
0.039679
-0.060508
-0.002920
-0.027768
-0.031266
-0.064546
-0.017471
0.016702
0.057208
-0.012936
0.083237
0.030173
-0.007894
-0.125829
0.008275
-0.024789
0.001206
-0.033231
-0.008342
-0.056588
0.027879
0.007468
0.060566
-0.019643
0.091779
0.060999
-0.023139
-0.019041
0.077643
-0.028868
0.052050
-0.021641
0.070410
0.103006
0.041087
0.023207
-0.053416
-0.030851
0.015691
-0.053993
-0.101736
0.000285
-0.039320
-0.091238
0.246086
0.049925
-0.045026
0.061009
-0.081076
0.103735
-0.075213
-0.026424
0.070452
0.035327
0.027407
-0.067540
0.038228
-0.083810
0.010204
0.039540
-0.001222
-0.056197
0.038175
-0.076388
0.007066
0.029653
0.001960
-0.066649
0.057421
-0.076185
0.000710
-0.028332
-0.061344
-0.037964
0.005606
0.006904
0.001368
-0.026984
-0.021107
-0.019385
0.052033
-0.055333
0.011431
0.107477
-0.004275
0.040796
0.013235
-0.087352
-0.088497
0.041350
-0.023929
0.098626
0.095114
-0.036916
0.013475
0.043526
0.093538
-0.018053
-0.093029
-0.003011
0.068802
0.001735
0.028107
-0.102019
0.080297
-0.069212
0.039272
0.014412
0.167579
-0.116959
-0.156004
0.060013
-0.048802
0.043988
-0.052531
0.049300
-0.026632
0.049015
-0.046310
0.021011
0.016597
-0.112134
0.092183
0.005754
0.059764
0.022850
-0.065104
0.064292
0.043886
0.108303
0.058389
-0.048225
-0.110145
0.035827
0.007575
-0.043741
-0.027412
0.016953
-0.012235
0.006173
-0.016090
0.038369
-0.030497
0.102451
0.027751
-0.014553
-0.061543
0.063048
-0.007674
-0.080486
0.043056
0.002379
-0.111995
-0.096834
-0.101677
-0.112990
-0.023518
-0.037804
0.119859
-0.127770
-0.173823
0.075886
0.046538
0.073835
-0.040824
0.084119
0.005372
0.006597
0.035671
-0.006841
0.129432
0.011706
-0.149153
-0.023261
-0.015126
-0.040412
-0.066193
0.000589
-0.046606
0.002762
-0.027830
0.104648
0.027142
-0.024184
0.036354
0.076484
-0.006298
0.035564
-0.080104
-0.063379
-0.007042
-0.130823
-0.029534
0.022869
0.007995
0.016905
-0.028878
-0.021297
-0.065418
0.083637
-0.025126
-0.068838
-0.004127
-0.010581
0.059897
0.013394
-0.028143
-0.014217
0.041634
-0.068899
0.078423
-0.009040
0.046273
-0.009906
-0.029390
-0.018336
0.050861
0.092723
0.022879
0.054537
-0.006893
0.072404
-0.043489
-0.072254
0.074279
0.074053
-0.011069
0.051311
0.059572
-0.025909
0.013145
-0.003595
0.079136
0.077367
0.084277
0.043409
-0.097637
-0.045285
0.113441
0.029438
-0.001209
-0.003189
0.053853
0.031073
0.019901
0.056430
0.020817
0.088854
0.066587
-0.104042
0.045820
0.096174
-0.012502
0.117319
-0.094233
-0.059240
0.030071
0.003847
-0.098700
0.129778
0.029538
-0.018588
0.074470
0.141651
-0.062396
0.016435
0.084968
-0.013309
0.020437
-0.047531
-0.189501
-0.041705
0.013004
0.004030
0.033827
0.056892
-0.023223
0.093544
0.101441
0.000879
-0.002747
0.020568
0.033526
-0.018547
0.056048
-0.081422
0.005554
0.082260
-0.067437
0.010024
0.136018
0.046225
-0.153701
-0.058222
0.044839
-0.035016
-0.080698
-0.018947
-0.123959
0.089572
0.067781
-0.093786
-0.014424
0.004320
0.047550
0.045613
-0.036057
0.059915
-0.031454
-0.068868
-0.036355
0.001199
-0.098422
-0.070015
0.029733
-0.089615
-0.017927
0.075364
0.014032
-0.010990
-0.085434
-0.054194
-0.003044
-0.040074
-0.012786
0.032405
0.049579
0.084040
-0.064705
-0.019855
0.045261
0.036127
-0.026299
0.028423
-0.032638
-0.012656
0.033585
0.022462
0.022276
-0.047786
0.015130
0.068689
-0.007597
-0.033593
-0.037855
-0.053444
0.103703
-0.070200
-0.089593
-0.047028
-0.025786
0.067293
-0.024273
0.008055
0.027170
0.046791
-0.083396
0.031641
0.144576
-0.064467
0.058712
0.027549
-0.006766
0.009485
0.037511
0.020682
-0.014487
0.108381
0.062919
-0.046856
-0.060019
0.074381
0.093493
-0.051293
0.128295
-0.001015
0.023299
-0.026829
0.010858
0.019936
0.104366
0.084416
0.005663
-0.051588
0.038606
0.021159
0.019787
-0.008527
0.051329
0.057171
-0.053771
-0.056158
0.033332
0.030140
-0.068541
-0.077710
0.059565
-0.005236
-0.104859
0.046745
0.116185
0.058228
0.071273
0.049354
-0.039147
0.039745
0.048498
0.022815
-0.055070
-0.099638
-0.006858
0.016381
-0.091973
0.098981
0.072276
-0.064996
-0.002907
-0.062490
0.055558
-0.130312
-0.068746
-0.139364
-0.022029
0.007206
-0.068038
0.044453
-0.000468
-0.044134
-0.025789
-0.004018
0.062235
0.070381
0.182842
-0.093262
0.015857
-0.098619
0.064492
-0.022977
-0.108732
0.076946
0.053462
0.029741
0.059564
0.049271
0.047153
0.046300
0.000130
-0.097015
0.056401
0.092070
-0.045390
-0.031226
-0.054493
-0.083708
-0.063923
-0.046476
0.020412
0.062780
0.000160
0.069815
0.090214
