-0.077522
0.070255
-0.102116
0.032445
-0.050499
-0.035940
0.005857
0.009475
0.127668
0.116823
-0.009376
-0.013596
0.084906
0.018157
-0.049632
-0.028579
0.000617
0.014114
0.007107
-0.122431
-0.062205
0.004626
-0.018423
0.108028
0.014382
-0.043277
0.025356
-0.001366
0.009648
0.061351
-0.006089
0.037790
0.100771
-0.037063
0.054451
-0.096650
-0.041735
-0.049780
0.030377
-0.086533
-0.059747
0.040476
0.026752
0.003839
0.005668
-0.039445
0.011406
0.018201
-0.094244
0.010500
0.104208
0.036282
-0.015520
-0.002233
-0.028688
-0.043848
-0.062856
-0.036928
0.012638
0.038069
-0.026911
0.113750
0.031998
-0.028000
-0.092633
0.025557
-0.033263
0.005119
-0.026848
-0.028005
-0.056088
0.020979
-0.012606
0.077804
-0.026632
0.102186
0.043310
-0.037777
-0.040918
0.096091
-0.018882
0.034243
-0.050204
0.090930
0.130462
0.005462
0.032169
-0.040704
-0.040820
-0.044196
-0.039527
-0.073671
0.054594
-0.035131
-0.103450
0.250106
0.055397
-0.055108
0.069863
-0.084030
0.112825
-0.081193
-0.025877
0.064131
0.017935
0.023061
-0.073828
0.040883
-0.080405
-0.004678
0.048865
-0.007439
-0.030000
0.049356
-0.097078
0.034167
0.013036
-0.015553
-0.040534
0.042484
-0.077449
-0.009070
-0.007221
-0.054434
-0.065182
0.016516
0.005861
-0.007448
-0.038593
-0.015078
-0.018096
0.045412
-0.058300
0.004188
0.098032
0.006894
0.052882
0.012925
-0.071924
-0.087541
0.024097
-0.030981
0.104068
0.094128
-0.062076
0.031383
0.061978
0.077035
-0.034486
-0.096464
-0.011939
0.069514
0.010251
0.036961
-0.097302
0.095533
-0.087143
0.044440
-0.001226
0.188366
-0.094047
-0.147217
0.051621
-0.038016
0.060749
-0.047432
0.056430
-0.029441
0.064952
-0.056091
0.012574
0.025757
-0.109604
0.083070
0.007682
0.052309
0.007880
-0.060427
0.075047
0.018175
0.092657
0.044980
-0.067953
-0.090597
0.022001
0.029352
-0.064129
-0.038891
0.029041
-0.025428
0.022237
0.007389
0.034811
-0.034763
0.124180
0.026852
-0.013148
-0.089866
0.053044
0.013187
-0.067812
0.052244
0.008295
-0.090612
-0.087821
-0.105647
-0.133932
-0.041691
-0.025906
0.116157
-0.115220
-0.146351
0.090302
0.028441
0.047344
-0.044484
0.082266
0.021018
0.010499
0.032858
-0.024636
0.114329
0.018608
-0.134325
-0.007596
-0.004168
-0.039690
-0.061006
-0.020705
-0.060174
-0.028155
-0.028773
0.109731
0.037360
-0.045025
0.059843
0.085874
0.006151
0.061074
-0.082482
-0.054693
-0.030827
-0.120998
-0.035604
0.032657
-0.001686
-0.006000
-0.023222
-0.016455
-0.070143
0.076421
-0.034255
-0.088999
-0.013536
-0.015609
0.045437
0.019182
-0.043328
-0.020183
0.041193
-0.063825
0.051369
0.013334
0.043008
-0.029125
-0.036740
-0.028604
0.069246
0.090292
0.037670
0.018516
-0.003896
0.061089
-0.051884
-0.023690
0.091476
0.085281
0.029432
0.079755
0.049315
-0.029984
0.026610
-0.000842
0.094259
0.063293
0.107558
0.026609
-0.060473
-0.047852
0.125495
0.053247
0.024956
0.014247
0.035730
-0.007637
0.025169
0.072623
0.034590
0.085844
0.065222
-0.086338
0.054202
0.055893
0.017424
0.092834
-0.089171
-0.063877
0.024327
0.035404
-0.096789
0.108059
-0.001728
-0.016866
0.080744
0.131852
-0.052833
-0.005853
0.071205
-0.004838
-0.007077
-0.033580
-0.180565
-0.064160
-0.022200
0.024329
0.043813
0.062407
-0.030656
0.057339
0.074183
0.019002
-0.002949
0.033196
0.075754
-0.020775
0.054731
-0.055878
0.010335
0.086890
-0.063663
-0.030765
0.091488
0.062038
-0.167233
-0.082458
0.031610
-0.035779
-0.061417
-0.016979
-0.070456
0.109194
0.042886
-0.059348
0.008746
0.045895
0.056593
0.063808
-0.017093
0.065600
-0.046133
-0.057201
-0.056319
0.011997
-0.062663
-0.060872
0.009569
-0.075898
-0.019790
0.054325
-0.004173
-0.039892
-0.077452
-0.032656
-0.000095
0.033013
-0.002111
0.036583
0.050637
0.119621
-0.116437
-0.001720
0.063204
-0.018456
-0.034258
0.033818
-0.015889
-0.015226
0.077306
0.041925
0.013162
-0.001155
0.018482
0.046780
-0.013929
-0.018610
0.017554
-0.092488
0.112129
-0.069352
-0.127338
-0.026452
-0.035637
0.077220
-0.009765
-0.001539
-0.000507
0.057253
-0.055000
0.051159
0.092640
-0.072230
0.022467
0.020807
-0.007744
0.019357
0.037785
0.024212
0.013672
0.125360
0.017355
-0.066770
-0.088746
0.109660
0.098269
-0.023919
0.115453
-0.001696
0.047092
-0.052342
-0.008689
0.074433
0.059166
0.053429
-0.041982
-0.060746
0.029933
0.018179
0.032171
0.006663
0.077737
0.066340
-0.055789
-0.084488
0.005889
0.052939
-0.079526
-0.084889
0.069203
-0.035798
-0.115426
0.055907
0.117225
0.061734
0.123585
0.089059
-0.056178
0.051278
0.048660
0.046331
-0.039801
-0.088467
0.003118
0.027431
-0.091426
0.073150
0.071324
-0.072451
0.031198
-0.068022
0.054168
-0.116639
-0.081637
-0.130497
-0.028986
0.019305
-0.046870
0.042901
0.025054
-0.027495
-0.056777
-0.040950
0.097144
0.055287
0.192246
-0.096467
0.042641
-0.103175
0.070014
-0.006526
-0.101853
0.041593
0.057258
-0.002863
0.059842
0.057440
0.035012
0.044168
-0.016226
-0.091388
0.026143
0.078935
-0.035929
-0.040395
-0.050541
-0.077853
-0.062788
-0.056155
0.030219
0.065846
0.006154
0.080679
0.065160
