-0.098969
0.050061
-0.080362
0.000682
-0.053987
-0.060304
-0.025791
0.030662
0.133584
0.163345
0.025119
0.047049
0.081380
0.037159
-0.101967
-0.027032
0.026313
0.001631
-0.011106
-0.121764
-0.044401
-0.004573
0.024497
0.110240
0.042876
-0.053751
0.053179
0.000503
-0.022908
0.052436
0.012804
0.007073
0.145474
0.000692
0.051549
-0.061691
-0.012008
-0.043282
0.018556
-0.097211
-0.094831
0.045765
0.003674
0.033304
0.011677
-0.024638
-0.012539
0.017869
-0.110106
0.016191
0.145080
0.087680
-0.032520
-0.022480
-0.015603
-0.033510
-0.078282
-0.066227
0.007746
0.038318
0.001212
0.044815
0.025884
0.010648
-0.096434
0.027388
-0.016500
-0.000655
-0.053948
-0.032488
-0.099216
-0.015456
-0.005851
0.068359
-0.013725
0.076402
0.082752
-0.016651
0.015230
0.055713
-0.022921
0.076666
-0.023400
0.068339
0.070773
0.039320
-0.002524
-0.064758
-0.040367
-0.001396
-0.051276
-0.081702
0.019949
-0.052043
-0.075401
0.225306
0.055428
-0.065380
0.068257
-0.097722
0.082212
-0.050586
-0.022723
0.099805
0.049190
-0.019596
-0.036169
0.068466
-0.067240
-0.038535
0.028936
0.020271
-0.059757
0.072341
-0.059180
0.014790
0.050982
0.044579
-0.020518
0.055484
-0.063896
0.011485
-0.017000
-0.059746
-0.027628
0.009831
0.039027
0.021942
-0.018540
-0.035679
0.002936
0.051581
-0.076663
0.000833
0.092413
0.047258
0.032510
0.025973
-0.108003
-0.099387
0.032634
-0.037201
0.108093
0.080182
-0.038454
0.014782
-0.002378
0.102334
-0.025962
-0.071851
0.001308
0.057920
0.008126
0.019787
-0.070767
0.091617
-0.050750
0.071278
-0.041540
0.157093
-0.076587
-0.177110
0.071694
-0.068397
0.067575
-0.075861
0.023195
-0.079329
0.045176
-0.013983
-0.002195
0.010654
-0.118794
0.103813
0.013305
0.019876
0.017772
-0.026140
0.076865
0.049206
0.064779
0.064331
-0.016011
-0.048290
0.007968
0.000528
-0.055924
-0.024291
0.015519
-0.009296
-0.004448
-0.048979
0.027966
-0.042444
0.095072
0.029883
-0.018230
-0.079625
0.047420
-0.002915
-0.069799
0.040732
0.008414
-0.066944
-0.062768
-0.131023
-0.104393
-0.023725
0.006894
0.095584
-0.124506
-0.164848
0.098933
0.028269
0.049980
-0.008213
0.099214
-0.017516
0.011914
0.040242
-0.019953
0.112860
0.059350
-0.125801
-0.025977
-0.025416
-0.062223
-0.111003
-0.021561
-0.060200
-0.000292
-0.013518
0.100825
0.039100
-0.031179
0.031335
0.077888
-0.010331
-0.000689
-0.079617
-0.042331
0.017954
-0.122213
-0.073211
0.018068
-0.004458
0.051106
-0.024653
-0.005468
-0.075415
0.060656
-0.021415
-0.100335
-0.020659
-0.039453
0.053072
0.065622
-0.038683
0.017140
0.019884
-0.058847
0.070926
0.006535
0.018587
-0.004025
-0.032036
-0.015724
0.072756
0.099117
-0.023854
0.012757
0.005152
0.120349
-0.043366
-0.035910
0.050104
0.081295
0.039602
0.052000
0.072956
-0.050285
0.014433
-0.033083
0.114933
0.070934
0.098115
0.026252
-0.106715
-0.033120
0.103085
-0.017964
-0.030372
-0.007057
0.063406
0.039166
0.007187
0.050366
0.020652
0.094373
0.052877
-0.072489
0.048785
0.095318
-0.017872
0.105409
-0.094676
-0.039785
0.071911
0.038671
-0.122085
0.110814
0.043273
-0.074508
0.040834
0.121405
-0.084665
-0.000028
0.065158
-0.012229
-0.003959
-0.026857
-0.184963
-0.014900
-0.030997
-0.013944
0.038991
0.038041
-0.023960
0.088801
0.054610
-0.016440
-0.025383
-0.003555
0.084356
-0.026804
0.062303
-0.035972
0.009411
0.073662
-0.044882
-0.024734
0.116788
0.100404
-0.136686
-0.065871
0.050178
-0.022661
-0.060645
-0.015639
-0.130121
0.088817
0.031055
-0.097803
0.004520
-0.005478
0.050269
0.012119
-0.009918
0.027710
-0.024179
-0.017019
-0.051912
-0.017614
-0.091646
-0.027905
0.001807
-0.034118
-0.043417
0.041256
-0.056811
-0.015436
-0.070165
-0.049923
-0.013485
-0.014579
0.018443
0.000422
0.063720
0.093906
-0.091347
-0.016508
0.049947
0.018428
-0.045717
0.026272
-0.065854
0.037004
0.049894
0.032900
0.016167
-0.065801
-0.042673
0.080375
-0.054942
-0.060656
-0.029644
-0.098313
0.086418
-0.047843
-0.093270
-0.053847
-0.005462
0.062754
-0.024635
0.015805
0.012763
0.080398
-0.099085
0.030752
0.135377
-0.066237
0.025021
0.054484
-0.023721
-0.002132
0.028975
0.022079
-0.035355
0.099234
0.071258
-0.068446
-0.025088
0.080733
0.075663
-0.005926
0.115383
-0.049272
0.043855
-0.061966
-0.031320
0.070193
0.089932
0.082685
-0.005780
-0.052613
0.005268
0.045129
0.017240
0.026082
0.089459
0.052774
-0.004622
-0.066951
-0.016366
0.072415
-0.088493
-0.067658
0.047568
-0.003609
-0.073022
0.050637
0.118934
0.052866
0.104100
0.022303
-0.033023
0.034689
0.067990
0.021928
-0.046529
-0.146633
-0.024855
0.001647
-0.102073
0.102463
0.092901
-0.070950
0.032046
-0.061245
0.022861
-0.089020
-0.057757
-0.107073
-0.014883
0.042562
-0.036674
0.037753
0.031141
-0.079889
-0.002157
-0.070742
0.034230
0.003496
0.189939
-0.123730
-0.008186
-0.071397
0.078201
-0.026174
-0.100772
0.058836
0.079274
-0.008097
0.084162
0.011497
0.063962
0.042832
-0.018270
-0.079732
-0.003375
0.077005
-0.044408
-0.070478
-0.015620
-0.109667
-0.022862
-0.047578
0.002905
0.049543
-0.028356
0.065997
0.089314
