23614
20353
19834
13693
8911
4250
5497
5665
3335
5601
6948
10794
18472
22872
20868
17814
3687
6148
17850
17895
8635
6487
6139
6371
6082
3869
8592
13518
20651
10328
4941
2378
176
936
7506
15378
10106
6984
7594
6339
4488
5462
9981
13810
15391
5712
928
182
0
159
4317
13619
9020
7717
7358
8670
5836
3924
11393
13215
13088
3370
173
0
1116
285
1396
20759
21944
6957
5936
5929
4446
5573
9658
21179
17076
1390
288
1099
25004
13894
13480
7676
3605
3791
3936
4801
3147
8149
17663
25240
31942
32771
24574
12195
4546
6369
9876
10191
5307
6777
3933
4808
8091
8043
20683
30621
30764
15354
7938
4079
167
1160
7023
7872
4593
5914
5096
4695
5221
9866
27529
33713
28833
7045
1727
148
0
176
4513
6360
6093
6799
6089
8279
5208
13081
29638
33127
27867
4364
450
0
469
1130
2759
14955
14456
6004
5018
5789
4571
9683
28518
29933
17459
1155
321
295
19238
6868
6652
6260
4611
4613
3663
3550
10314
20121
29132
31819
28911
25930
16786
10003
6827
9105
5554
6153
4119
7949
3902
3543
10846
20862
29745
33073
24353
14759
10025
4856
410
2440
7566
6080
4879
8062
4542
4632
6470
21455
38583
36890
29173
10241
2866
216
0
149
4868
4889
6475
7084
5831
7163
7195
32624
37233
34331
26812
7509
768
0
3463
2520
2923
7157
5238
5816
5716
7039
7545
21676
35617
28095
14922
2581
317
2876
14042
4368
3650
3600
6656
3869
3768
8210
25839
32304
27007
20487
13996
11531
9059
8264
11116
15390
6464
4838
5601
8138
4403
4967
16998
33261
21062
17150
11188
9374
11607
7779
973
2611
9998
5985
6416
9220
4509
6472
16432
30595
23014
17542
15673
14668
2397
495
0
152
7353
6270
6001
7037
6217
7295
21106
39259
19357
15171
13140
9982
588
0
7055
2552
1642
6028
3736
4851
6858
16036
23856
26553
17332
13202
12214
4291
312
6297
10952
4668
5248
4142
7873
8845
12922
22671
36242
25711
13974
7998
5284
6578
6094
10085
13064
17991
8092
6041
7466
8669
9317
18105
27176
28402
9851
8563
5407
9813
16601
12692
1010
1810
14459
6074
7408
9212
8150
17126
32657
27760
7214
6028
6590
15776
1962
1012
0
249
10112
7463
5498
7992
12416
16050
31032
21926
6825
5454
6766
9967
258
0
8388
1174
1886
8135
4251
5869
10762
29582
41703
17037
5056
6173
11640
3582
1163
8161
7244
9230
7451
13473
20802
24793
32308
38779
28477
11530
5706
4680
3326
6696
6588
9777
7711
12688
6949
10849
11686
14697
25052
37695
26191
12677
9055
8010
4679
7424
14719
9893
501
2341
13469
11484
14438
14082
22329
36295
28886
12716
4001
6599
3995
10629
2732
990
0
583
9955
10023
13238
17580
27271
29495
21314
7551
4985
4268
5021
7427
160
0
6471
317
2171
7807
5765
17588
21821
40147
30790
7590
4390
6010
7895
2210
2541
6909
6273
15895
13707
28765
33560
30069
32070
30266
12214
10171
8360
8450
4535
6133
8367
11404
3437
8743
10686
22379
23501
25985
33699
31357
13290
5455
9634
7269
6233
6391
9086
5014
209
2925
9699
27766
32371
24671
32610
30448
13037
4231
4063
5068
4018
7001
2485
420
0
772
7781
20887
28559
30062
25609
22154
11217
3902
4423
3493
4495
5064
150
0
2934
315
1300
8221
10016
25568
23879
27036
11916
4447
4086
7956
6265
2949
2524
3426
13064
22494
21840
28649
22440
13977
12492
10914
4267
7181
5810
7743
7487
10725
11469
16051
3232
6678
18346
28535
19682
15997
16851
10847
5612
4097
6797
4771
8805
6808
5055
2413
144
1765
9042
30862
26430
16178
18915
12337
4691
4455
4677
4591
6110
6158
1195
176
0
453
5492
24848
23028
19776
12743
10026
7201
3194
4662
4046
5369
4299
189
0
300
323
979
15012
17464
14462
12199
9412
5434
5003
3979
13452
12083
2682
1139
470
17114
21709
10012
16284
6109
3354
4833
5089
3277
4560
8544
14765
22758
28526
26211
22463
3163
3270
8916
14895
8295
5680
5356
4646
7073
3322
8385
17861
26138
25838
8191
6699
126
407
5492
7100
7081
7413
6729
4816
5654
4784
10114
22106
21840
10203
4647
519
0
51
528
5110
10143
6360
6934
5494
6462
5298
12769
21751
24437
6071
561
36
1094
237
1011
13593
21459
11271
4976
5901
5851
4478
11470
29245
27771
4322
448
1077
15143
16357
6696
10358
4333
3467
5628
3541
4371
8520
18871
29638
33047
31545
23160
14987
3438
5024
8709
6689
7130
5925
4797
2243
6451
9072
21078
30345
33469
25778
8909
6663
120
670
6753
5931
4883
7140
6838
4020
4406
7942
25216
39513
35668
12658
7330
858
0
31
911
5369
7283
6796
7579
4432
5771
11382
31583
38589
36485
8742
1799
48
449
1013
2210
10252
12723
6512
5554
4819
4639
8062
26850
41723
35648
6284
930
270
11677
11686
4554
5298
5047
4650
4773
5197
9736
24258
29885
30371
24579
18343
12683
8309
5023
9721
10666
4229
5205
6759
5194
1878
6327
20444
32024
24548
22456
14341
10170
7367
373
1496
6548
6911
6037
7949
8599
4493
5325
15777
33994
29175
26524
11596
8878
736
0
48
959
6790
5518
7987
8047
5045
6825
26973
37006
27004
22235
9796
3036
52
3393
2282
2301
6974
4458
4021
6282
6888
7363
17806
29054
27266
23337
8214
1401
2889
10080
8009
3235
2366
3909
6875
6492
8740
24565
35092
25442
16307
10191
6344
6950
7236
10119
15218
14193
3734
5473
6264
7506
5123
16330
29305
25119
12742
8831
6846
14832
13012
854
1461
8360
9998
7659
6738
8030
6282
15663
30774
23449
9436
9927
11465
9228
804
0
52
982
10310
5014
7399
8029
7685
14959
34276
20376
8717
8242
11792
2235
41
6944
2311
1156
7587
3357
2972
7038
16715
20086
26773
13902
9226
10353
10583
1060
6290
9605
5791
4034
3970
9840
14340
19303
25590
35917
26143
11534
6950
4480
4468
6763
7752
10410
13138
14248
3513
8017
6895
12686
20840
32709
23170
13343
9496
6071
5700
14893
14852
892
762
8098
9757
8304
8207
10952
19280
33111
28928
9355
5138
5731
11569
9488
1504
0
42
2156
11531
6029
9608
13634
22675
24323
20913
7380
5931
6173
10446
984
52
8344
1054
883
8182
4702
4382
14424
31563
37345
19058
6803
4710
8155
9726
1218
8116
9128
6902
10096
12338
27265
29898
33342
37556
28609
11423
7130
6728
4893
4985
7955
9904
5548
7321
10182
9959
17233
21429
27273
37696
30423
11523
7948
7944
5949
5200
10536
9774
419
712
8916
11082
23209
21837
22456
37374
29995
11194
3933
4455
5037
8226
7011
1514
0
53
2932
9613
17029
24622
23184
31651
21914
7804
4852
4629
4835
6697
953
49
6464
253
1160
7073
6222
10551
26420
34585
31450
7600
5429
3689
6517
6447
2320
6795
12833
14405
18233
24164
32862
24637
22114
21332
12852
5391
7945
7173
7195
5749
7534
13232
3059
5945
10199
25227
26444
25510
24890
25664
12425
5005
5165
5312
5954
7349
8502
5526
125
825
8451
14283
33877
28179
23434
27886
12070
4925
3879
3820
4533
6444
6583
661
0
48
1727
8568
26561
29515
19542
17237
12450
4748
4967
4115
4328
4953
916
33
2947
272
755
7450
9935
14257
19927
18420
12919
4916
5648
6626
6947
4091
2183
3354
16794
21815
16701
24931
18532
8389
7328
8020
4628
4215
5468
4642
9921
14742
16733
20831
2930
4435
11020
27766
16663
11179
9937
9007
7294
3744
4265
6010
11821
15321
7023
5372
130
489
5977
12129
19067
14189
10510
9938
6307
4331
5349
6013
8231
6561
4520
393
0
31
549
6399
19289
13271
11158
7542
7635
3916
5204
6182
7800
4576
513
56
275
271
419
10935
18920
13698
7543
8032
6028
3981
6477
12996
14731
3542
990
449
