-0.087936
0.036719
-0.064380
-0.023379
-0.044932
-0.072241
0.002170
-0.009202
0.107533
0.172187
-0.027933
0.012019
0.072036
0.031601
-0.124934
-0.021077
-0.007503
-0.023442
-0.019563
-0.066886
-0.059767
-0.041211
0.002622
0.106999
0.041613
-0.060445
0.028698
-0.036875
-0.030904
0.074559
0.071692
0.036107
0.144632
0.001727
0.001090
-0.043304
-0.003166
-0.064579
-0.000961
-0.052219
-0.079215
0.056547
0.049563
-0.020856
0.012842
-0.027563
-0.025190
0.003763
-0.101207
0.000151
0.103003
0.015805
-0.032977
-0.090499
0.039149
-0.015359
-0.090936
-0.033092
0.022807
0.031972
0.013272
0.056993
0.078573
-0.008919
-0.073115
-0.004493
-0.012629
0.001615
-0.034642
-0.021284
-0.102291
-0.036161
-0.015029
-0.002230
-0.058273
0.052530
0.083475
-0.011884
0.036210
0.059482
-0.023648
0.075226
0.021506
0.014777
0.133225
0.052754
0.032237
-0.071256
-0.093097
0.078309
-0.051047
-0.088803
0.004764
-0.023601
-0.074388
0.216760
0.043960
-0.030008
0.097526
-0.088209
0.004468
-0.019272
0.002044
0.158021
0.002601
-0.014454
-0.035002
0.069316
-0.050273
-0.019726
0.040169
0.014417
-0.061847
0.033566
-0.015556
0.018836
0.100105
0.024779
0.033852
-0.020066
-0.061338
0.022112
-0.031203
0.013968
0.045486
-0.004940
0.010188
-0.035146
0.014330
-0.055091
-0.032731
0.088807
-0.071954
-0.027316
0.053213
0.041331
0.072248
0.011955
-0.135699
-0.083987
0.060233
-0.058148
0.089409
0.075024
-0.046699
-0.012129
0.048132
0.087572
-0.014308
-0.097450
-0.010988
0.001782
0.028935
-0.000526
-0.038720
0.081826
-0.008884
0.060379
-0.025093
0.102176
-0.057238
-0.182328
0.086308
-0.066654
0.042313
-0.061553
0.020488
-0.070741
0.019085
0.015484
-0.045841
0.037186
-0.062930
0.106511
0.005972
0.027928
-0.026840
-0.034275
0.044619
0.078382
0.088880
0.061625
0.048635
-0.108939
-0.006676
-0.035067
-0.023688
0.005810
-0.003041
-0.032621
0.030533
-0.058616
-0.011101
0.001494
0.096607
0.042638
-0.040178
-0.093083
0.055724
0.047907
-0.125666
0.121672
0.027503
-0.032391
-0.046662
-0.123538
-0.085298
-0.027409
-0.011715
0.012108
-0.087625
-0.138798
0.109353
0.029966
0.084673
0.046659
0.144586
-0.033025
0.029989
0.050175
0.009629
0.154565
0.054061
-0.132645
-0.054405
-0.056438
-0.053230
-0.084467
-0.017031
-0.066702
0.026164
0.043717
0.066443
0.047458
-0.016186
0.059580
0.057702
-0.046936
-0.005682
-0.062001
0.013769
0.006941
-0.111089
-0.037304
-0.002514
0.034896
0.076036
-0.015995
0.019161
-0.085229
0.062029
-0.065005
-0.070924
0.007147
-0.015448
0.101983
0.061548
-0.018604
0.021033
-0.045926
-0.044264
0.038041
0.015215
0.007602
-0.014170
-0.023264
-0.053923
0.005359
0.049002
-0.079732
-0.049275
0.012400
0.118536
-0.021267
-0.119237
0.072162
0.017606
-0.031303
-0.014611
0.004339
-0.057758
0.010625
-0.057861
0.035321
0.015429
0.071594
0.035658
-0.173402
-0.004571
0.091707
-0.060863
-0.061359
0.018467
0.149985
-0.004897
-0.115780
0.024193
0.068810
0.100433
0.050227
-0.115548
0.025388
0.132476
-0.014320
0.068891
-0.104037
-0.053551
0.032413
-0.087599
-0.139994
0.119185
0.051977
-0.131761
0.101938
0.079257
-0.120954
0.089573
0.044042
0.066913
0.086509
-0.041632
-0.147416
0.050250
-0.037232
-0.001674
0.011327
-0.017820
-0.028516
0.022464
0.078399
0.009802
0.073014
-0.065615
0.115852
-0.030008
0.013653
-0.003723
0.012222
0.065303
0.022873
0.053167
0.110908
0.099901
-0.071653
-0.055593
0.097879
-0.056193
-0.010498
0.031449
-0.191834
-0.025474
0.007215
-0.037722
0.000329
-0.050522
0.033516
-0.004193
0.004002
-0.010749
-0.012909
0.026061
0.002790
-0.067027
-0.141857
0.017525
-0.002532
-0.009202
-0.054625
0.003842
-0.020696
0.016324
-0.066917
-0.034784
-0.031198
-0.039808
-0.065817
-0.017554
-0.022756
0.046511
-0.036559
0.015331
0.005267
0.048103
-0.075390
-0.003626
-0.060326
0.026011
0.017034
0.045971
0.057275
-0.167984
-0.050714
0.053837
-0.008465
-0.099356
-0.057050
0.032735
0.105922
-0.039001
-0.050437
-0.076076
0.008524
0.144688
-0.011728
0.013381
-0.006473
0.025951
-0.047246
0.030889
0.130899
-0.042174
0.065184
-0.026888
0.024101
-0.024132
-0.038686
0.054323
-0.037594
0.145602
0.075310
-0.037738
-0.070818
0.018819
0.056416
-0.106855
0.057202
-0.032947
0.004589
-0.065341
-0.033025
0.070026
0.089777
0.021634
0.082729
-0.020543
-0.021809
-0.011073
0.014398
-0.047185
-0.013622
0.049059
-0.038204
0.035735
0.023072
0.058364
-0.105754
-0.041933
0.022201
0.045706
-0.019967
0.021535
0.066062
0.028830
-0.020448
0.074581
0.011252
0.018764
0.057524
-0.019351
-0.012921
-0.124761
-0.054225
-0.031101
-0.141798
0.086376
0.050798
-0.049072
-0.023487
-0.058282
-0.043483
-0.075754
-0.033684
-0.048887
-0.033971
-0.006060
-0.095024
0.011353
-0.105353
-0.088402
0.068321
-0.034001
-0.028496
0.027977
0.106564
-0.068688
0.066103
-0.081396
0.014192
0.048910
-0.047954
-0.002044
0.050820
0.084268
-0.020808
0.011718
0.082242
0.032742
0.053534
-0.019035
-0.017975
0.035236
-0.102072
-0.058393
-0.024953
-0.049655
-0.016869
-0.015640
-0.045203
0.040287
-0.080501
0.046268
0.052052
